3499
1 0
2 0
3 0
4 0
5 0
6 0
7 0
8 0
9 0
10 0
11 0
12 0
13 0
14 0
15 0
16 0
17 0
18 0
19 0
20 0
21 0
22 0
23 0
24 0
25 0
26 0
27 0
28 0
29 0
30 0
31 0
32 0
33 0
34 0
35 0
36 0
37 0
38 0
39 0
40 0
41 0
42 0
43 0
44 0
45 0
46 0
47 0
48 0
49 0
50 0
51 0
52 0
53 0
54 0
55 0
56 0
57 0
58 0
59 0
60 0
61 0
62 0
63 0
64 0
65 0
66 0
67 0
68 0
69 0
70 0
71 0
72 0
73 0
74 0
75 0
76 0
77 0
78 0
79 0
80 0
81 0
82 0
83 0
84 0
85 0
86 0
87 0
88 0
89 0
90 0
91 0
92 0
93 0
94 0
95 0
96 0
97 0
98 0
99 0
100 0
101 0
102 0
103 0
104 0
105 0
106 0
107 0
108 0
109 0
110 0
111 0
112 0
113 0
114 0
115 0
116 0
117 0
118 0
119 0
120 0
121 0
122 0
123 0
124 0
125 0
126 0
127 0
128 0
129 0
130 0
131 0
132 0
133 0
134 0
135 0
136 0
137 0
138 0
139 0
140 0
141 0
142 0
143 0
144 0
145 0
146 0
147 0
148 0
149 0
150 0
151 0
152 0
153 0
154 0
155 0
156 0
157 0
158 0
159 0
160 0
161 0
162 0
163 0
164 0
165 0
166 0
167 0
168 0
169 0
170 0
171 0
172 0
173 0
174 0
175 0
176 0
177 0
178 0
179 0
180 0
181 0
182 0
183 0
184 0
185 0
186 0
187 0
188 0
189 0
190 0
191 0
192 0
193 0
194 0
195 0
196 0
197 0
198 0
199 0
200 0
201 0
202 0
203 0
204 0
205 0
206 0
207 0
208 0
209 0
210 0
211 0
212 0
213 0
214 0
215 0
216 0
217 0
218 0
219 0
220 0
221 0
222 0
223 0
224 0
225 0
226 0
227 0
228 0
229 0
230 0
231 0
232 0
233 0
234 0
235 0
236 0
237 0
238 0
239 0
240 0
241 0
242 0
243 0
244 0
245 0
246 0
247 0
248 0
249 0
250 0
251 0
252 0
253 0
254 0
255 0
256 0
257 0
258 0
259 0
260 0
261 0
262 0
263 0
264 0
265 0
266 0
267 0
268 0
269 0
270 0
271 0
272 0
273 0
274 0
275 0
276 0
277 0
278 0
279 0
280 0
281 0
282 0
283 0
284 0
285 0
286 0
287 0
288 0
289 0
290 0
291 0
292 0
293 0
294 0
295 0
296 0
297 0
298 0
299 0
300 0
301 0
302 0
303 0
304 0
305 0
306 0
307 0
308 0
309 0
310 0
311 0
312 0
313 0
314 0
315 0
316 0
317 0
318 0
319 0
320 0
321 0
322 0
323 0
324 0
325 0
326 0
327 0
328 0
329 0
330 0
331 0
332 0
333 0
334 0
335 0
336 0
337 0
338 0
339 0
340 0
341 0
342 0
343 0
344 0
345 0
346 0
347 0
348 0
349 0
350 0
351 0
352 0
353 0
354 0
355 0
356 0
357 0
358 0
359 0
360 0
361 0
362 0
363 0
364 0
365 0
366 0
367 0
368 0
369 0
370 0
371 0
372 0
373 0
374 0
375 0
376 0
377 0
378 0
379 0
380 0
381 0
382 0
383 0
384 0
385 0
386 0
387 0
388 0
389 0
390 0
391 0
392 0
393 0
394 0
395 0
396 0
397 0
398 0
399 0
400 0
401 0
402 0
403 0
404 0
405 0
406 0
407 0
408 0
409 0
410 0
411 0
412 0
413 0
414 0
415 0
416 0
417 0
418 0
419 0
420 0
421 0
422 0
423 0
424 0
425 0
426 0
427 0
428 0
429 0
430 0
431 0
432 0
433 0
434 0
435 0
436 0
437 0
438 0
439 0
440 0
441 0
442 0
443 0
444 0
445 0
446 0
447 0
448 0
449 0
450 0
451 0
452 0
453 0
454 0
455 0
456 0
457 0
458 0
459 0
460 0
461 0
462 0
463 0
464 0
465 0
466 0
467 0
468 0
469 0
470 0
471 0
472 0
473 0
474 0
475 0
476 0
477 0
478 0
479 0
480 0
481 0
482 0
483 0
484 0
485 0
486 0
487 0
488 0
489 0
490 0
491 0
492 0
493 0
494 0
495 0
496 0
497 0
498 0
499 0
500 0
501 0
502 0
503 0
504 0
505 0
506 0
507 0
508 0
509 0
510 0
511 0
512 0
513 0
514 0
515 0
516 0
517 0
518 0
519 0
520 0
521 0
522 0
523 0
524 0
525 0
526 0
527 0
528 0
529 0
530 0
531 0
532 0
533 0
534 0
535 0
536 0
537 0
538 0
539 0
540 0
541 0
542 0
543 0
544 0
545 0
546 0
547 0
548 0
549 0
550 0
551 0
552 0
553 0
554 0
555 0
556 0
557 0
558 0
559 0
560 0
561 0
562 0
563 0
564 0
565 0
566 0
567 0
568 0
569 0
570 0
571 0
572 0
573 0
574 0
575 0
576 0
577 0
578 0
579 0
580 0
581 0
582 0
583 0
584 0
585 0
586 0
587 0
588 0
589 0
590 0
591 0
592 0
593 0
594 0
595 0
596 0
597 0
598 0
599 0
600 0
601 0
602 0
603 0
604 0
605 0
606 0
607 0
608 0
609 0
610 0
611 0
612 0
613 0
614 0
615 0
616 0
617 0
618 0
619 0
620 0
621 0
622 0
623 0
624 0
625 0
626 0
627 0
628 0
629 0
630 0
631 0
632 0
633 0
634 0
635 0
636 0
637 0
638 0
639 0
640 0
641 0
642 0
643 0
644 0
645 0
646 0
647 0
648 0
649 0
650 0
651 0
652 0
653 0
654 0
655 0
656 0
657 0
658 0
659 0
660 0
661 0
662 0
663 0
664 0
665 0
666 0
667 0
668 0
669 0
670 0
671 0
672 0
673 0
674 0
675 0
676 0
677 0
678 0
679 0
680 0
681 0
682 0
683 0
684 0
685 0
686 0
687 0
688 0
689 0
690 0
691 0
692 0
693 0
694 0
695 0
696 0
697 0
698 0
699 0
700 0
701 0
702 0
703 0
704 0
705 0
706 0
707 0
708 0
709 0
710 0
711 0
712 0
713 0
714 0
715 0
716 0
717 0
718 0
719 0
720 0
721 0
722 0
723 0
724 0
725 0
726 0
727 0
728 0
729 0
730 0
731 0
732 0
733 0
734 0
735 0
736 0
737 0
738 0
739 0
740 0
741 0
742 0
743 0
744 0
745 0
746 0
747 0
748 0
749 0
750 0
751 0
752 0
753 0
754 0
755 0
756 0
757 0
758 0
759 0
760 0
761 0
762 0
763 0
764 0
765 0
766 0
767 0
768 0
769 0
770 0
771 0
772 0
773 0
774 0
775 0
776 0
777 0
778 0
779 0
780 0
781 0
782 0
783 0
784 0
785 0
786 0
787 0
788 0
789 0
790 0
791 0
792 0
793 0
794 0
795 0
796 0
797 0
798 0
799 0
800 0
801 0
802 0
803 0
804 0
805 0
806 0
807 0
808 0
809 0
810 0
811 0
812 0
813 0
814 0
815 0
816 0
817 0
818 0
819 0
820 0
821 0
822 0
823 0
824 0
825 0
826 0
827 0
828 0
829 0
830 0
831 0
832 0
833 0
834 0
835 0
836 0
837 0
838 0
839 0
840 0
841 0
842 0
843 0
844 0
845 0
846 0
847 0
848 0
849 0
850 0
851 0
852 0
853 0
854 0
855 0
856 0
857 0
858 0
859 0
860 0
861 0
862 0
863 1.65502e-06
864 5.38837e-06
865 9.12172e-06
866 1.28551e-05
867 1.65884e-05
868 2.03218e-05
869 2.40551e-05
870 2.77885e-05
871 3.15218e-05
872 3.52552e-05
873 3.89885e-05
874 4.27219e-05
875 4.64552e-05
876 5.01886e-05
877 5.39219e-05
878 5.76553e-05
879 6.13886e-05
880 6.5122e-05
881 6.88553e-05
882 7.25886e-05
883 7.6322e-05
884 8.00553e-05
885 8.37887e-05
886 8.7522e-05
887 9.12554e-05
888 9.49887e-05
889 9.87221e-05
890 0.000102455
891 0.000106189
892 0.000109922
893 0.000113655
894 0.000117389
895 0.000121122
896 0.000124856
897 0.000128589
898 0.000132322
899 0.000136056
900 0.000139789
901 0.000143522
902 0.000147256
903 0.000150989
904 0.000154722
905 0.000158456
906 0.000162189
907 0.000165922
908 0.000169656
909 0.000173389
910 0.000177122
911 0.000180856
912 0.000184589
913 0.000188322
914 0.000192056
915 0.000195789
916 0.000199523
917 0.000203256
918 0.000206989
919 0.000210723
920 0.000214456
921 0.000218189
922 0.000221923
923 0.000225656
924 0.000229389
925 0.000233123
926 0.000236856
927 0.000240064
928 0.000242553
929 0.000245042
930 0.00024753
931 0.000250019
932 0.000252508
933 0.000254997
934 0.000257486
935 0.000259975
936 0.000262463
937 0.000264952
938 0.000267441
939 0.00026993
940 0.000272419
941 0.000274908
942 0.000277396
943 0.000279885
944 0.000282374
945 0.000284863
946 0.000287352
947 0.000289841
948 0.000292329
949 0.000294818
950 0.000297307
951 0.000299796
952 0.000302285
953 0.000304774
954 0.000307263
955 0.000309751
956 0.00031224
957 0.000314618
958 0.000315365
959 0.000316113
960 0.000316861
961 0.000317608
962 0.000318356
963 0.000319104
964 0.000319852
965 0.000320599
966 0.000321347
967 0.000322095
968 0.000322842
969 0.00032359
970 0.000324338
971 0.000325086
972 0.000325833
973 0.000326581
974 0.000327329
975 0.000328076
976 0.000328824
977 0.000329572
978 0.000330319
979 0.000331067
980 0.000331815
981 0.000332563
982 0.00033331
983 0.000334058
984 0.000334806
985 0.000335553
986 0.000336301
987 0.000337049
988 0.000337797
989 0.000338544
990 0.000339292
991 0.00034004
992 0.000340787
993 0.000341535
994 0.000342283
995 0.000343031
996 0.000343778
997 0.000344526
998 0.000345274
999 0.000346021
1000 0.000346848
1001 0.000347737
1002 0.000348625
1003 0.000349514
1004 0.000350402
1005 0.000351291
1006 0.000352179
1007 0.000353068
1008 0.000353956
1009 0.000354845
1010 0.000355733
1011 0.000356622
1012 0.00035751
1013 0.000358399
1014 0.000359287
1015 0.000360176
1016 0.000361064
1017 0.000361953
1018 0.000362841
1019 0.00036373
1020 0.000364618
1021 0.000365507
1022 0.000366395
1023 0.000367077
1024 0.000367705
1025 0.000368332
1026 0.00036896
1027 0.000369588
1028 0.000370216
1029 0.000370844
1030 0.000371472
1031 0.000372099
1032 0.000372727
1033 0.000373355
1034 0.000373983
1035 0.000374611
1036 0.000375239
1037 0.000375866
1038 0.000376494
1039 0.000377122
1040 0.00037775
1041 0.000378378
1042 0.000379005
1043 0.000379633
1044 0.000380261
1045 0.000380889
1046 0.000381517
1047 0.000382144
1048 0.000382772
1049 0.0003834
1050 0.000384028
1051 0.000384656
1052 0.000385284
1053 0.000387198
1054 0.000390779
1055 0.000394359
1056 0.00039794
1057 0.000401521
1058 0.000405102
1059 0.000408683
1060 0.000412263
1061 0.000415844
1062 0.000419425
1063 0.000423006
1064 0.000426586
1065 0.000430167
1066 0.000433748
1067 0.000437329
1068 0.00044091
1069 0.00044449
1070 0.000448071
1071 0.000451652
1072 0.000455233
1073 0.000458813
1074 0.000462394
1075 0.000465975
1076 0.000469556
1077 0.000473137
1078 0.000476717
1079 0.000480298
1080 0.000483879
1081 0.00048746
1082 0.00049104
1083 0.000494621
1084 0.000498202
1085 0.000501783
1086 0.000505364
1087 0.000508944
1088 0.000512525
1089 0.000516106
1090 0.000519687
1091 0.000523267
1092 0.000526848
1093 0.000530429
1094 0.00053401
1095 0.000537591
1096 0.000541171
1097 0.000544752
1098 0.000548333
1099 0.000551914
1100 0.000560807
1101 0.000578354
1102 0.000595901
1103 0.000613448
1104 0.000630994
1105 0.000648541
1106 0.000666088
1107 0.000683635
1108 0.000701182
1109 0.000718729
1110 0.000736275
1111 0.000753822
1112 0.000771369
1113 0.000788916
1114 0.000806463
1115 0.00082401
1116 0.000841556
1117 0.000859103
1118 0.00087665
1119 0.000894197
1120 0.000911744
1121 0.000929291
1122 0.000946837
1123 0.000964384
1124 0.000981931
1125 0.000999478
1126 0.00101702
1127 0.00103457
1128 0.00105212
1129 0.00106967
1130 0.00108721
1131 0.00110476
1132 0.00112231
1133 0.00113985
1134 0.00126929
1135 0.00140028
1136 0.00153127
1137 0.00166226
1138 0.00179325
1139 0.00192424
1140 0.00205523
1141 0.00218623
1142 0.00231722
1143 0.00244821
1144 0.0025792
1145 0.00271019
1146 0.00284118
1147 0.00297217
1148 0.00310316
1149 0.00323415
1150 0.00336514
1151 0.00349613
1152 0.00362712
1153 0.00375811
1154 0.0038891
1155 0.00402009
1156 0.00415108
1157 0.00428207
1158 0.00466559
1159 0.00515745
1160 0.00564932
1161 0.00614119
1162 0.00663306
1163 0.00712492
1164 0.00761679
1165 0.00810866
1166 0.00860053
1167 0.00909239
1168 0.00958426
1169 0.0100761
1170 0.010568
1171 0.0110599
1172 0.0115517
1173 0.0120436
1174 0.0125355
1175 0.0130273
1176 0.0135192
1177 0.0140111
1178 0.0136152
1179 0.0131889
1180 0.0127626
1181 0.0123363
1182 0.01191
1183 0.0114837
1184 0.0110575
1185 0.0106312
1186 0.0102049
1187 0.0097786
1188 0.00935232
1189 0.00892603
1190 0.00849974
1191 0.00807346
1192 0.00764717
1193 0.00722089
1194 0.0067946
1195 0.00636832
1196 0.00594203
1197 0.00551575
1198 0.00508946
1199 0.00466318
1200 0.0043115
1201 0.00426156
1202 0.00421162
1203 0.00416169
1204 0.00411175
1205 0.00406181
1206 0.00401187
1207 0.00396194
1208 0.003912
1209 0.00386206
1210 0.00381212
1211 0.00376219
1212 0.00371225
1213 0.00366231
1214 0.00361238
1215 0.00356244
1216 0.0035125
1217 0.00346256
1218 0.00341263
1219 0.00336269
1220 0.00331275
1221 0.00326281
1222 0.00321288
1223 0.00316294
1224 0.003113
1225 0.00306306
1226 0.00301313
1227 0.00296319
1228 0.00291325
1229 0.00286331
1230 0.00281338
1231 0.00276344
1232 0.0027135
1233 0.00266356
1234 0.00261363
1235 0.00258697
1236 0.00261835
1237 0.00264974
1238 0.00268112
1239 0.00271251
1240 0.00274389
1241 0.00277528
1242 0.00280666
1243 0.00283805
1244 0.00286943
1245 0.00290081
1246 0.0029322
1247 0.00296358
1248 0.00299497
1249 0.00302635
1250 0.00305774
1251 0.00308912
1252 0.0031205
1253 0.00315189
1254 0.00318327
1255 0.00321466
1256 0.00324604
1257 0.00327743
1258 0.00330881
1259 0.0033402
1260 0.00337158
1261 0.00340296
1262 0.00343435
1263 0.00346573
1264 0.00349712
1265 0.0035285
1266 0.00355989
1267 0.00359127
1268 0.00362265
1269 0.00365404
1270 0.00368542
1271 0.00371681
1272 0.00374819
1273 0.00377958
1274 0.00381096
1275 0.00384235
1276 0.00387373
1277 0.00390511
1278 0.0039365
1279 0.00396788
1280 0.00399927
1281 0.00403065
1282 0.00406204
1283 0.00409342
1284 0.0041248
1285 0.00415619
1286 0.00418757
1287 0.00421896
1288 0.00425034
1289 0.00428173
1290 0.00431311
1291 0.0043445
1292 0.00437588
1293 0.00440726
1294 0.00443865
1295 0.00447003
1296 0.00450142
1297 0.0045328
1298 0.00456419
1299 0.0046417
1300 0.00475948
1301 0.00487726
1302 0.00499504
1303 0.00511282
1304 0.0052306
1305 0.00534837
1306 0.00546615
1307 0.00558393
1308 0.00570171
1309 0.00581949
1310 0.00593727
1311 0.00605504
1312 0.00617282
1313 0.0062906
1314 0.00640838
1315 0.00652616
1316 0.00664394
1317 0.00676171
1318 0.00687949
1319 0.00699727
1320 0.00731869
1321 0.00815544
1322 0.00899219
1323 0.00982894
1324 0.0106657
1325 0.0115024
1326 0.0123392
1327 0.0131759
1328 0.0140127
1329 0.0148494
1330 0.0156862
1331 0.0165229
1332 0.0173597
1333 0.0181965
1334 0.0190332
1335 0.01987
1336 0.0207067
1337 0.0215435
1338 0.0223802
1339 0.023217
1340 0.0232294
1341 0.0225686
1342 0.0219078
1343 0.021247
1344 0.0205861
1345 0.0199253
1346 0.0192645
1347 0.0186036
1348 0.0179428
1349 0.0183047
1350 0.0199529
1351 0.0216011
1352 0.0232493
1353 0.0248974
1354 0.0265456
1355 0.0281938
1356 0.029842
1357 0.0314902
1358 0.0331384
1359 0.0347865
1360 0.0364347
1361 0.0380829
1362 0.0397311
1363 0.0413793
1364 0.0430275
1365 0.0446756
1366 0.0463238
1367 0.047972
1368 0.0496202
1369 0.0512684
1370 0.0529166
1371 0.0545647
1372 0.0562129
1373 0.0578611
1374 0.0595093
1375 0.0611575
1376 0.0628057
1377 0.0644538
1378 0.066102
1379 0.0685588
1380 0.0797537
1381 0.0909486
1382 0.102144
1383 0.113338
1384 0.124533
1385 0.135728
1386 0.146923
1387 0.158118
1388 0.169313
1389 0.180508
1390 0.191703
1391 0.202898
1392 0.214093
1393 0.225288
1394 0.236483
1395 0.247677
1396 0.258872
1397 0.270067
1398 0.281262
1399 0.292457
1400 0.303652
1401 0.297852
1402 0.288668
1403 0.279483
1404 0.270299
1405 0.261115
1406 0.25193
1407 0.242746
1408 0.233562
1409 0.224377
1410 0.215193
1411 0.206009
1412 0.196824
1413 0.18764
1414 0.178456
1415 0.169271
1416 0.160087
1417 0.150903
1418 0.141719
1419 0.132534
1420 0.12335
1421 0.114166
1422 0.104981
1423 0.0963122
1424 0.0950209
1425 0.0937297
1426 0.0924384
1427 0.0911472
1428 0.0898559
1429 0.0885647
1430 0.0872734
1431 0.0859822
1432 0.0846909
1433 0.0833997
1434 0.0821084
1435 0.0808172
1436 0.0795259
1437 0.0782347
1438 0.0769434
1439 0.0756522
1440 0.0743609
1441 0.0730697
1442 0.0717784
1443 0.0704872
1444 0.0691959
1445 0.0679047
1446 0.0666134
1447 0.0653222
1448 0.0640309
1449 0.0627397
1450 0.0614484
1451 0.0601572
1452 0.0588659
1453 0.0575747
1454 0.0562834
1455 0.0549922
1456 0.0537009
1457 0.0524097
1458 0.0513776
1459 0.0517767
1460 0.0521758
1461 0.0525749
1462 0.0529741
1463 0.0533732
1464 0.0537723
1465 0.0541715
1466 0.0545706
1467 0.0549697
1468 0.0553688
1469 0.055768
1470 0.0561671
1471 0.0565662
1472 0.0569654
1473 0.0573645
1474 0.0577636
1475 0.0581627
1476 0.0585619
1477 0.058961
1478 0.0593601
1479 0.0597592
1480 0.0601584
1481 0.0605575
1482 0.0609566
1483 0.0613558
1484 0.0617549
1485 0.062154
1486 0.0625531
1487 0.0629523
1488 0.0633514
1489 0.0637505
1490 0.0641496
1491 0.0645488
1492 0.0649479
1493 0.065347
1494 0.0657462
1495 0.0661453
1496 0.0665444
1497 0.0669435
1498 0.0673427
1499 0.0677418
1500 0.0681409
1501 0.0689525
1502 0.0699843
1503 0.0710162
1504 0.072048
1505 0.0730799
1506 0.0741118
1507 0.0751436
1508 0.0761755
1509 0.0772074
1510 0.0782392
1511 0.0792711
1512 0.080303
1513 0.0813348
1514 0.0823667
1515 0.0833985
1516 0.0844304
1517 0.0854623
1518 0.0864941
1519 0.087526
1520 0.0885579
1521 0.0895897
1522 0.0906216
1523 0.0916534
1524 0.0926853
1525 0.0937172
1526 0.094749
1527 0.0957809
1528 0.0968128
1529 0.0978446
1530 0.0988765
1531 0.0999083
1532 0.10094
1533 0.101972
1534 0.103004
1535 0.104036
1536 0.106974
1537 0.110582
1538 0.11419
1539 0.117798
1540 0.121406
1541 0.125014
1542 0.128623
1543 0.132231
1544 0.135839
1545 0.139447
1546 0.143055
1547 0.146663
1548 0.150271
1549 0.15388
1550 0.157488
1551 0.161096
1552 0.164704
1553 0.168312
1554 0.17192
1555 0.175529
1556 0.179137
1557 0.182745
1558 0.186353
1559 0.189961
1560 0.193569
1561 0.197177
1562 0.200786
1563 0.204394
1564 0.208002
1565 0.21161
1566 0.215218
1567 0.218826
1568 0.222435
1569 0.226043
1570 0.229651
1571 0.233259
1572 0.236867
1573 0.240475
1574 0.244083
1575 0.247692
1576 0.2513
1577 0.254908
1578 0.258516
1579 0.262124
1580 0.265732
1581 0.26934
1582 0.272949
1583 0.276557
1584 0.283226
1585 0.305202
1586 0.327178
1587 0.349154
1588 0.37113
1589 0.393106
1590 0.415082
1591 0.437058
1592 0.459034
1593 0.48101
1594 0.502986
1595 0.524962
1596 0.546938
1597 0.568914
1598 0.590889
1599 0.612865
1600 0.634841
1601 0.658421
1602 0.683811
1603 0.709201
1604 0.734592
1605 0.759982
1606 0.785372
1607 0.810763
1608 0.836153
1609 0.861543
1610 0.872165
1611 0.856777
1612 0.841389
1613 0.826001
1614 0.810613
1615 0.795226
1616 0.779838
1617 0.76445
1618 0.749062
1619 0.733674
1620 0.718286
1621 0.702899
1622 0.687511
1623 0.672123
1624 0.656735
1625 0.641347
1626 0.625959
1627 0.610572
1628 0.595184
1629 0.579796
1630 0.564408
1631 0.54902
1632 0.533632
1633 0.518245
1634 0.502857
1635 0.487469
1636 0.472081
1637 0.456693
1638 0.441305
1639 0.425918
1640 0.41053
1641 0.395142
1642 0.379754
1643 0.364366
1644 0.348979
1645 0.339368
1646 0.336811
1647 0.334255
1648 0.331699
1649 0.329142
1650 0.326586
1651 0.32403
1652 0.321474
1653 0.318917
1654 0.316361
1655 0.313805
1656 0.311248
1657 0.308692
1658 0.306136
1659 0.30358
1660 0.301023
1661 0.298467
1662 0.295911
1663 0.293354
1664 0.290798
1665 0.288242
1666 0.285686
1667 0.283129
1668 0.280573
1669 0.278017
1670 0.27546
1671 0.272904
1672 0.270348
1673 0.267791
1674 0.265235
1675 0.262679
1676 0.260123
1677 0.257566
1678 0.25501
1679 0.252454
1680 0.249897
1681 0.247341
1682 0.244785
1683 0.243783
1684 0.244321
1685 0.244859
1686 0.245397
1687 0.245935
1688 0.246473
1689 0.24701
1690 0.247548
1691 0.248086
1692 0.248624
1693 0.249162
1694 0.2497
1695 0.250238
1696 0.250775
1697 0.251313
1698 0.251851
1699 0.252389
1700 0.252927
1701 0.253382
1702 0.253633
1703 0.253883
1704 0.254134
1705 0.254384
1706 0.254635
1707 0.254885
1708 0.255136
1709 0.255387
1710 0.255637
1711 0.255888
1712 0.256138
1713 0.256389
1714 0.256639
1715 0.25689
1716 0.25714
1717 0.257391
1718 0.257641
1719 0.257892
1720 0.258142
1721 0.258393
1722 0.258644
1723 0.258894
1724 0.259145
1725 0.259395
1726 0.259646
1727 0.259896
1728 0.260147
1729 0.260397
1730 0.260648
1731 0.260898
1732 0.260468
1733 0.259986
1734 0.259505
1735 0.259023
1736 0.258541
1737 0.258059
1738 0.257577
1739 0.257095
1740 0.256613
1741 0.256132
1742 0.25565
1743 0.255168
1744 0.254686
1745 0.254204
1746 0.253722
1747 0.25324
1748 0.252759
1749 0.252277
1750 0.251795
1751 0.251313
1752 0.250831
1753 0.250349
1754 0.249867
1755 0.249386
1756 0.248904
1757 0.248422
1758 0.24794
1759 0.247458
1760 0.246976
1761 0.246494
1762 0.246013
1763 0.245531
1764 0.245049
1765 0.244567
1766 0.244085
1767 0.243603
1768 0.243121
1769 0.24264
1770 0.242158
1771 0.241676
1772 0.241194
1773 0.240712
1774 0.24023
1775 0.239748
1776 0.239267
1777 0.238785
1778 0.238303
1779 0.237821
1780 0.237339
1781 0.236857
1782 0.236375
1783 0.235894
1784 0.235412
1785 0.23493
1786 0.234448
1787 0.233966
1788 0.233484
1789 0.233002
1790 0.232521
1791 0.232039
1792 0.231557
1793 0.231075
1794 0.230593
1795 0.230111
1796 0.22963
1797 0.229148
1798 0.228666
1799 0.228184
1800 0.227702
1801 0.227331
1802 0.2279
1803 0.228469
1804 0.229037
1805 0.229606
1806 0.230175
1807 0.230744
1808 0.231313
1809 0.231882
1810 0.232451
1811 0.233019
1812 0.233588
1813 0.234157
1814 0.234726
1815 0.235295
1816 0.235864
1817 0.236433
1818 0.237001
1819 0.23757
1820 0.238139
1821 0.238708
1822 0.239277
1823 0.239846
1824 0.240414
1825 0.240983
1826 0.241552
1827 0.242121
1828 0.24269
1829 0.243259
1830 0.243828
1831 0.244396
1832 0.244965
1833 0.245534
1834 0.246103
1835 0.246672
1836 0.247241
1837 0.24781
1838 0.248378
1839 0.248947
1840 0.249516
1841 0.250085
1842 0.250654
1843 0.251223
1844 0.251792
1845 0.25236
1846 0.252929
1847 0.253498
1848 0.254067
1849 0.254636
1850 0.255205
1851 0.255773
1852 0.256342
1853 0.256911
1854 0.25748
1855 0.258049
1856 0.260122
1857 0.263959
1858 0.267795
1859 0.271631
1860 0.275467
1861 0.279304
1862 0.28314
1863 0.286976
1864 0.290812
1865 0.294649
1866 0.298485
1867 0.302321
1868 0.306157
1869 0.309993
1870 0.31383
1871 0.317666
1872 0.321502
1873 0.325338
1874 0.329175
1875 0.333011
1876 0.336847
1877 0.340683
1878 0.344519
1879 0.348356
1880 0.352192
1881 0.356028
1882 0.359864
1883 0.363701
1884 0.367537
1885 0.371373
1886 0.375209
1887 0.379046
1888 0.382882
1889 0.386718
1890 0.390554
1891 0.39439
1892 0.398227
1893 0.402063
1894 0.405899
1895 0.409735
1896 0.413572
1897 0.417408
1898 0.421244
1899 0.42508
1900 0.437133
1901 0.459597
1902 0.482061
1903 0.504525
1904 0.526989
1905 0.549453
1906 0.571917
1907 0.594381
1908 0.616845
1909 0.639309
1910 0.661773
1911 0.70527
1912 0.753518
1913 0.801766
1914 0.850014
1915 0.898263
1916 0.946511
1917 0.994759
1918 1.04301
1919 1.09126
1920 1.1395
1921 1.18775
1922 1.236
1923 1.28425
1924 1.3325
1925 1.38074
1926 1.42899
1927 1.47724
1928 1.52549
1929 1.57374
1930 1.62919
1931 1.76432
1932 1.89945
1933 2.03458
1934 2.16971
1935 2.30484
1936 2.43997
1937 2.5751
1938 2.71023
1939 2.84536
1940 2.98049
1941 3.11562
1942 3.25075
1943 3.38588
1944 3.52101
1945 3.65614
1946 3.56503
1947 3.44983
1948 3.33463
1949 3.21943
1950 3.10424
1951 2.98904
1952 2.87384
1953 2.75864
1954 2.64344
1955 2.52824
1956 2.41304
1957 2.29784
1958 2.18265
1959 2.06745
1960 1.95225
1961 1.83705
1962 1.72185
1963 1.60665
1964 1.55196
1965 1.52461
1966 1.49726
1967 1.4699
1968 1.44255
1969 1.4152
1970 1.38784
1971 1.36049
1972 1.33314
1973 1.30578
1974 1.27843
1975 1.25108
1976 1.22372
1977 1.19637
1978 1.16902
1979 1.14167
1980 1.11431
1981 1.08696
1982 1.05961
1983 1.03225
1984 1.0049
1985 0.977546
1986 0.950192
1987 0.922839
1988 0.895486
1989 0.868133
1990 0.840779
1991 0.813426
1992 0.786073
1993 0.75872
1994 0.731367
1995 0.704013
1996 0.67666
1997 0.649307
1998 0.621954
1999 0.5946
2000 0.573637
2001 0.570958
2002 0.56828
2003 0.565602
2004 0.562923
2005 0.560245
2006 0.557567
2007 0.554888
2008 0.55221
2009 0.549532
2010 0.546853
2011 0.544175
2012 0.541497
2013 0.538818
2014 0.53614
2015 0.533461
2016 0.530783
2017 0.528105
2018 0.52586
2019 0.533023
2020 0.540186
2021 0.547349
2022 0.554512
2023 0.561675
2024 0.568838
2025 0.576001
2026 0.583165
2027 0.590328
2028 0.597491
2029 0.604654
2030 0.611817
2031 0.61898
2032 0.626143
2033 0.633306
2034 0.64047
2035 0.647633
2036 0.654796
2037 0.661959
2038 0.669122
2039 0.676285
2040 0.683448
2041 0.690611
2042 0.697775
2043 0.704938
2044 0.712101
2045 0.719264
2046 0.726427
2047 0.73359
2048 0.740753
2049 0.747916
2050 0.75508
2051 0.762243
2052 0.769406
2053 0.776569
2054 0.783732
2055 0.790895
2056 0.798058
2057 0.805221
2058 0.812384
2059 0.819548
2060 0.826711
2061 0.833874
2062 0.841037
2063 0.8482
2064 0.855363
2065 0.862526
2066 0.86969
2067 0.876853
2068 0.884016
2069 0.891179
2070 0.917429
2071 0.968466
2072 1.0195
2073 1.07054
2074 1.12158
2075 1.17262
2076 1.22365
2077 1.27469
2078 1.32573
2079 1.37677
2080 1.4278
2081 1.47884
2082 1.52988
2083 1.58092
2084 1.63195
2085 1.68299
2086 1.73403
2087 1.78507
2088 1.8361
2089 1.88714
2090 1.93818
2091 1.98922
2092 2.04025
2093 2.09129
2094 2.14233
2095 2.19337
2096 2.2444
2097 2.29544
2098 2.34648
2099 2.39752
2100 2.44855
2101 2.49959
2102 2.91154
2103 3.60835
2104 4.30515
2105 5.00196
2106 5.69876
2107 6.39557
2108 7.09237
2109 7.78918
2110 8.48598
2111 9.18279
2112 9.87959
2113 10.5764
2114 11.2732
2115 11.97
2116 12.6668
2117 13.3636
2118 14.0604
2119 14.7572
2120 15.454
2121 16.1508
2122 16.8476
2123 17.5444
2124 18.2413
2125 18.9381
2126 19.6349
2127 20.3317
2128 21.0285
2129 21.7253
2130 22.4221
2131 23.1189
2132 23.5062
2133 22.6607
2134 21.8153
2135 20.9698
2136 20.1243
2137 19.2788
2138 18.4334
2139 17.5879
2140 16.7424
2141 15.8969
2142 15.0515
2143 14.206
2144 13.3605
2145 12.515
2146 11.6696
2147 10.8241
2148 9.97862
2149 9.13314
2150 8.28767
2151 7.44219
2152 6.59672
2153 5.75125
2154 4.90577
2155 4.37017
2156 4.24201
2157 4.11385
2158 3.98568
2159 3.85752
2160 3.72935
2161 3.60119
2162 3.47303
2163 3.34486
2164 3.2167
2165 3.08853
2166 2.96037
2167 2.83221
2168 2.70404
2169 2.57588
2170 2.44772
2171 2.31955
2172 2.19139
2173 2.08436
2174 2.05359
2175 2.02282
2176 1.99204
2177 1.96127
2178 1.93049
2179 1.89972
2180 1.86895
2181 1.83817
2182 1.8074
2183 1.77663
2184 1.74585
2185 1.71508
2186 1.6843
2187 1.65353
2188 1.62276
2189 1.59198
2190 1.56121
2191 1.53043
2192 1.49966
2193 1.46889
2194 1.43811
2195 1.40734
2196 1.37657
2197 1.34579
2198 1.31502
2199 1.28424
2200 1.25347
2201 1.2227
2202 1.20096
2203 1.19417
2204 1.18738
2205 1.18059
2206 1.1738
2207 1.16701
2208 1.16022
2209 1.15344
2210 1.14665
2211 1.13986
2212 1.13307
2213 1.12628
2214 1.11949
2215 1.1127
2216 1.10591
2217 1.09912
2218 1.09234
2219 1.08555
2220 1.07876
2221 1.07197
2222 1.06518
2223 1.05839
2224 1.0516
2225 1.04481
2226 1.03802
2227 1.03123
2228 1.02445
2229 1.01766
2230 1.01087
2231 1.00772
2232 1.00772
2233 1.00772
2234 1.00772
2235 1.00772
2236 1.00772
2237 1.00772
2238 1.00772
2239 1.00772
2240 1.00772
2241 1.00772
2242 1.00772
2243 1.00772
2244 1.00772
2245 1.00772
2246 1.00772
2247 1.00772
2248 1.00772
2249 1.00842
2250 1.01059
2251 1.01277
2252 1.01494
2253 1.01711
2254 1.01929
2255 1.02146
2256 1.02364
2257 1.02581
2258 1.02798
2259 1.03016
2260 1.03233
2261 1.03451
2262 1.03668
2263 1.03885
2264 1.04103
2265 1.0432
2266 1.04538
2267 1.04755
2268 1.04972
2269 1.0519
2270 1.05407
2271 1.05625
2272 1.05842
2273 1.06059
2274 1.06277
2275 1.06494
2276 1.06712
2277 1.06929
2278 1.07146
2279 1.07364
2280 1.07581
2281 1.07799
2282 1.08016
2283 1.08233
2284 1.08451
2285 1.08668
2286 1.08886
2287 1.09103
2288 1.0932
2289 1.09538
2290 1.09755
2291 1.09973
2292 1.1019
2293 1.10407
2294 1.10625
2295 1.10842
2296 1.1106
2297 1.11277
2298 1.11494
2299 1.11712
2300 1.11929
2301 1.12147
2302 1.12411
2303 1.12867
2304 1.13324
2305 1.1378
2306 1.14237
2307 1.14694
2308 1.1515
2309 1.15607
2310 1.16063
2311 1.1652
2312 1.16977
2313 1.17433
2314 1.1789
2315 1.18346
2316 1.18803
2317 1.1926
2318 1.19716
2319 1.20173
2320 1.20629
2321 1.21086
2322 1.21543
2323 1.21999
2324 1.22456
2325 1.22912
2326 1.23369
2327 1.23826
2328 1.24282
2329 1.24739
2330 1.25195
2331 1.25652
2332 1.26109
2333 1.26565
2334 1.27022
2335 1.27478
2336 1.27935
2337 1.28392
2338 1.28848
2339 1.29793
2340 1.30888
2341 1.31982
2342 1.33077
2343 1.34172
2344 1.35267
2345 1.36361
2346 1.37456
2347 1.38551
2348 1.39646
2349 1.4074
2350 1.41835
2351 1.4293
2352 1.44025
2353 1.45119
2354 1.46214
2355 1.47309
2356 1.48404
2357 1.49498
2358 1.50593
2359 1.51688
2360 1.52783
2361 1.53877
2362 1.54972
2363 1.56067
2364 1.57162
2365 1.58256
2366 1.59351
2367 1.60446
2368 1.61541
2369 1.62635
2370 1.6373
2371 1.64825
2372 1.6592
2373 1.67014
2374 1.68109
2375 1.69204
2376 1.70299
2377 1.71393
2378 1.72488
2379 1.73583
2380 1.74678
2381 1.75773
2382 1.76867
2383 1.77962
2384 1.79057
2385 1.80152
2386 1.81246
2387 1.82341
2388 1.83436
2389 1.84531
2390 1.85625
2391 1.8672
2392 1.87815
2393 1.8891
2394 1.90004
2395 1.91099
2396 1.92194
2397 1.93289
2398 1.94383
2399 1.95478
2400 1.96573
2401 1.98525
2402 2.01237
2403 2.03948
2404 2.0666
2405 2.09371
2406 2.12083
2407 2.14794
2408 2.17506
2409 2.20217
2410 2.22929
2411 2.2564
2412 2.28352
2413 2.31063
2414 2.33775
2415 2.36486
2416 2.39198
2417 2.41909
2418 2.44621
2419 2.47333
2420 2.50044
2421 2.52756
2422 2.55467
2423 2.58179
2424 2.6089
2425 2.63602
2426 2.66313
2427 2.69025
2428 2.71736
2429 2.74448
2430 2.77159
2431 2.79871
2432 2.82582
2433 2.85294
2434 2.88005
2435 2.90717
2436 2.93428
2437 2.9614
2438 2.98851
2439 3.01563
2440 3.04275
2441 3.06986
2442 3.09698
2443 3.12409
2444 3.15121
2445 3.19474
2446 3.254
2447 3.31326
2448 3.37252
2449 3.43178
2450 3.49104
2451 3.5503
2452 3.60956
2453 3.66882
2454 3.72808
2455 3.78734
2456 3.8466
2457 3.90586
2458 3.96512
2459 4.02437
2460 4.08363
2461 4.14289
2462 4.20215
2463 4.26141
2464 4.32067
2465 4.37993
2466 4.43919
2467 4.49845
2468 4.61217
2469 4.7448
2470 4.87743
2471 5.01006
2472 5.14269
2473 5.27532
2474 5.40795
2475 5.54058
2476 5.67321
2477 5.80585
2478 5.93848
2479 6.07111
2480 6.20374
2481 6.33637
2482 6.469
2483 6.60163
2484 6.73426
2485 6.86689
2486 6.99952
2487 7.13215
2488 7.26478
2489 7.39741
2490 7.53004
2491 7.66267
2492 7.79531
2493 7.92794
2494 8.06057
2495 8.1932
2496 8.32583
2497 8.45846
2498 8.59109
2499 8.72372
2500 8.81493
2501 8.89973
2502 8.98453
2503 9.06933
2504 9.15413
2505 9.23893
2506 9.32373
2507 9.40853
2508 9.49333
2509 9.57814
2510 9.66294
2511 9.74774
2512 9.83254
2513 9.91734
2514 10.0021
2515 10.0869
2516 10.1717
2517 10.2565
2518 10.3413
2519 10.4261
2520 10.5109
2521 10.5855
2522 10.6537
2523 10.7219
2524 10.7901
2525 10.8583
2526 10.9265
2527 10.9947
2528 11.0628
2529 11.131
2530 11.1992
2531 11.2674
2532 11.3356
2533 11.4038
2534 11.472
2535 11.5402
2536 11.6084
2537 11.6766
2538 11.7447
2539 11.8129
2540 11.8811
2541 11.9493
2542 12.0175
2543 12.0857
2544 12.1539
2545 12.2221
2546 12.2903
2547 12.3584
2548 12.4266
2549 12.4948
2550 12.563
2551 12.6312
2552 12.6994
2553 12.9789
2554 13.3329
2555 13.687
2556 14.0411
2557 14.3951
2558 14.7492
2559 15.1032
2560 15.4573
2561 15.8113
2562 16.1654
2563 16.5194
2564 16.8735
2565 17.2276
2566 17.5816
2567 17.9357
2568 18.2897
2569 18.6438
2570 18.9978
2571 19.3519
2572 19.7059
2573 20.06
2574 20.414
2575 20.7681
2576 21.1222
2577 21.4762
2578 21.8303
2579 22.1843
2580 22.5384
2581 22.8924
2582 23.2465
2583 23.6005
2584 23.9546
2585 24.3086
2586 24.6627
2587 25.0168
2588 25.3708
2589 25.7249
2590 26.0789
2591 26.433
2592 26.787
2593 27.1411
2594 27.4951
2595 27.8492
2596 28.2032
2597 28.5573
2598 28.9157
2599 29.2914
2600 29.6671
2601 30.0429
2602 30.4186
2603 30.7943
2604 31.17
2605 31.5457
2606 31.9214
2607 32.2971
2608 32.6728
2609 33.0485
2610 33.4242
2611 33.7999
2612 34.1756
2613 34.5513
2614 34.9271
2615 35.3028
2616 35.6785
2617 36.0542
2618 36.4299
2619 36.8056
2620 37.1813
2621 37.557
2622 37.9327
2623 38.3084
2624 38.6841
2625 39.0598
2626 39.4356
2627 39.8113
2628 40.187
2629 40.5627
2630 40.9384
2631 41.3141
2632 41.6898
2633 41.8921
2634 41.6697
2635 41.4473
2636 41.225
2637 41.0026
2638 40.7802
2639 40.5578
2640 40.3355
2641 40.1131
2642 39.8907
2643 39.6683
2644 39.4459
2645 39.2236
2646 39.0012
2647 38.7788
2648 38.5564
2649 38.334
2650 38.1117
2651 37.8893
2652 37.6669
2653 37.4445
2654 37.2222
2655 36.9998
2656 36.7774
2657 36.555
2658 36.3326
2659 36.1103
2660 35.8879
2661 35.6655
2662 35.4431
2663 35.2207
2664 34.9984
2665 34.776
2666 34.5536
2667 34.3312
2668 34.1089
2669 33.8865
2670 33.6641
2671 33.4417
2672 33.2193
2673 32.997
2674 32.7746
2675 32.5522
2676 32.3298
2677 32.1074
2678 31.8851
2679 32.1979
2680 32.6867
2681 33.1754
2682 33.6642
2683 34.153
2684 34.6418
2685 35.1305
2686 35.6193
2687 36.1081
2688 36.5969
2689 37.0856
2690 37.5744
2691 38.0632
2692 38.552
2693 39.0407
2694 39.5295
2695 40.0183
2696 40.5071
2697 41.5722
2698 43.1329
2699 44.6937
2700 46.2544
2701 47.8152
2702 49.3759
2703 50.9367
2704 52.4974
2705 54.0582
2706 55.6189
2707 57.1797
2708 58.7404
2709 60.3012
2710 61.8619
2711 63.4227
2712 64.9834
2713 66.5442
2714 68.1049
2715 69.6657
2716 71.2264
2717 72.7872
2718 74.3479
2719 75.9087
2720 77.4694
2721 79.0302
2722 80.5909
2723 82.1517
2724 83.7124
2725 85.2732
2726 86.8339
2727 88.3947
2728 89.9554
2729 91.5162
2730 93.0769
2731 94.6377
2732 96.1984
2733 97.7592
2734 99.3199
2735 99.1715
2736 97.8347
2737 96.4978
2738 95.161
2739 93.8242
2740 92.4873
2741 91.1505
2742 89.8137
2743 88.4768
2744 87.14
2745 85.8032
2746 84.4663
2747 83.1295
2748 81.7927
2749 80.4558
2750 79.119
2751 77.7822
2752 76.4453
2753 75.1085
2754 73.7717
2755 72.4348
2756 71.098
2757 69.7612
2758 68.4243
2759 67.0875
2760 65.7506
2761 64.4138
2762 63.077
2763 61.7402
2764 60.4033
2765 59.0665
2766 57.7296
2767 56.3928
2768 55.056
2769 53.7191
2770 52.3823
2771 51.0455
2772 49.7086
2773 48.3718
2774 47.035
2775 45.6981
2776 44.3613
2777 43.0245
2778 41.6876
2779 40.3508
2780 39.014
2781 37.6771
2782 36.3403
2783 35.0035
2784 33.6666
2785 32.3298
2786 30.993
2787 29.6561
2788 28.3193
2789 26.9825
2790 25.6456
2791 24.3088
2792 22.972
2793 21.6351
2794 20.2983
2795 18.9615
2796 17.6246
2797 16.7371
2798 16.664
2799 16.5909
2800 16.5178
2801 16.4448
2802 16.3717
2803 16.2986
2804 16.2255
2805 16.1525
2806 16.0794
2807 16.0063
2808 15.9332
2809 15.8602
2810 15.7871
2811 15.714
2812 15.6409
2813 15.5678
2814 15.4948
2815 15.4217
2816 15.3486
2817 15.2755
2818 15.2025
2819 15.1294
2820 15.0563
2821 14.9832
2822 14.9102
2823 14.8371
2824 14.764
2825 14.6909
2826 14.6179
2827 14.5448
2828 14.4717
2829 14.3986
2830 14.3256
2831 14.2525
2832 14.1794
2833 14.1063
2834 14.0333
2835 13.9602
2836 13.8871
2837 13.814
2838 13.741
2839 13.6679
2840 13.5948
2841 13.5217
2842 13.4487
2843 13.3756
2844 13.3025
2845 13.2294
2846 13.1564
2847 13.0833
2848 13.0102
2849 12.9371
2850 12.8641
2851 12.791
2852 12.7179
2853 12.6448
2854 12.5718
2855 12.4987
2856 12.4256
2857 12.3525
2858 12.2794
2859 12.2064
2860 12.1333
2861 12.0602
2862 11.9871
2863 11.9141
2864 11.841
2865 11.7679
2866 11.6948
2867 11.6218
2868 11.5487
2869 11.4756
2870 11.4025
2871 11.3295
2872 11.2564
2873 11.1833
2874 11.1102
2875 11.0372
2876 10.9641
2877 10.891
2878 10.8179
2879 10.7449
2880 10.6718
2881 10.5987
2882 10.5256
2883 10.4526
2884 10.3795
2885 10.3064
2886 10.2333
2887 10.1603
2888 10.0872
2889 10.0141
2890 9.94103
2891 9.86796
2892 9.79488
2893 9.72181
2894 9.64873
2895 9.57565
2896 9.54528
2897 9.53398
2898 9.52267
2899 9.51137
2900 9.50006
2901 9.48876
2902 9.47746
2903 9.46616
2904 9.45485
2905 9.44355
2906 9.43224
2907 9.42094
2908 9.40964
2909 9.39833
2910 9.38703
2911 9.37573
2912 9.36442
2913 9.35312
2914 9.34182
2915 9.33051
2916 9.31921
2917 9.30791
2918 9.2966
2919 9.2853
2920 9.274
2921 9.26269
2922 9.25139
2923 9.24009
2924 9.22878
2925 9.21748
2926 9.20618
2927 9.19487
2928 9.18357
2929 9.17227
2930 9.16096
2931 9.14966
2932 9.13836
2933 9.12705
2934 9.11575
2935 9.10445
2936 9.09314
2937 9.08184
2938 9.07054
2939 9.05923
2940 9.04793
2941 9.03662
2942 9.02532
2943 9.01402
2944 9.0054
2945 9.01687
2946 9.02833
2947 9.03979
2948 9.05125
2949 9.06271
2950 9.07418
2951 9.08564
2952 9.0971
2953 9.10856
2954 9.12003
2955 9.13149
2956 9.14295
2957 9.15441
2958 9.16587
2959 9.17734
2960 9.1888
2961 9.20026
2962 9.21172
2963 9.22319
2964 9.23465
2965 9.24611
2966 9.25757
2967 9.26904
2968 9.2805
2969 9.29196
2970 9.30342
2971 9.31488
2972 9.32635
2973 9.33781
2974 9.34927
2975 9.36073
2976 9.3722
2977 9.38366
2978 9.39512
2979 9.40658
2980 9.41804
2981 9.42951
2982 9.44097
2983 9.45243
2984 9.46389
2985 9.47536
2986 9.48682
2987 9.49828
2988 9.50974
2989 9.5212
2990 9.53267
2991 9.54413
2992 9.55559
2993 9.56705
2994 9.57852
2995 9.58998
2996 9.60144
2997 9.6129
2998 9.62436
2999 9.63583
3000 9.64729
3001 9.69232
3002 9.73892
3003 9.78552
3004 9.83212
3005 9.87872
3006 9.92532
3007 9.97192
3008 10.0185
3009 10.0651
3010 10.1117
3011 10.1583
3012 10.2049
3013 10.2515
3014 10.2981
3015 10.3447
3016 10.3913
3017 10.4379
3018 10.4845
3019 10.5311
3020 10.5777
3021 10.6243
3022 10.6709
3023 10.7175
3024 10.7641
3025 10.8107
3026 10.8573
3027 10.9039
3028 10.9505
3029 10.9971
3030 11.0437
3031 11.0903
3032 11.1369
3033 11.1835
3034 11.2301
3035 11.2767
3036 11.3233
3037 11.3699
3038 11.4165
3039 11.4631
3040 11.5097
3041 11.5563
3042 11.6029
3043 11.6495
3044 11.6961
3045 11.7427
3046 11.7893
3047 11.8359
3048 11.8825
3049 11.9291
3050 11.9757
3051 12.0223
3052 12.0689
3053 12.1155
3054 12.1621
3055 12.2087
3056 12.2553
3057 12.3019
3058 12.3485
3059 12.3951
3060 12.4417
3061 12.4883
3062 12.5349
3063 12.5815
3064 12.6281
3065 12.6747
3066 12.7213
3067 12.7679
3068 12.8145
3069 12.8611
3070 12.9077
3071 12.9543
3072 13.0009
3073 13.0475
3074 13.0941
3075 13.1407
3076 13.1873
3077 13.2339
3078 13.2805
3079 13.3271
3080 13.3737
3081 13.4203
3082 13.4669
3083 13.5135
3084 13.5601
3085 13.6067
3086 13.6533
3087 13.6999
3088 13.7465
3089 13.7931
3090 13.8397
3091 13.8863
3092 13.9329
3093 13.9795
3094 14.0261
3095 14.0727
3096 14.1193
3097 14.1659
3098 14.2915
3099 14.4357
3100 14.5799
3101 14.7241
3102 14.8683
3103 15.0125
3104 15.1567
3105 15.3009
3106 15.4451
3107 15.5893
3108 15.7335
3109 15.8777
3110 16.0219
3111 16.1661
3112 16.3103
3113 16.4545
3114 16.5987
3115 16.7429
3116 16.8871
3117 17.0313
3118 17.1755
3119 17.3197
3120 17.4639
3121 17.6081
3122 17.7523
3123 17.8965
3124 18.0407
3125 18.1849
3126 18.3291
3127 18.4733
3128 18.6175
3129 18.7617
3130 18.9059
3131 19.0501
3132 19.1943
3133 19.3385
3134 19.4827
3135 19.6269
3136 19.7711
3137 19.9153
3138 20.0595
3139 20.2037
3140 20.3479
3141 20.4921
3142 20.6363
3143 20.7805
3144 20.9247
3145 21.0689
3146 21.2131
3147 21.3573
3148 21.5015
3149 21.6457
3150 21.7899
3151 21.934
3152 22.0782
3153 22.2224
3154 22.3666
3155 22.5108
3156 22.655
3157 22.7992
3158 22.9434
3159 23.0876
3160 23.2318
3161 23.376
3162 23.5202
3163 23.6644
3164 23.8086
3165 23.9528
3166 24.097
3167 24.2412
3168 24.3854
3169 24.5296
3170 24.6738
3171 24.818
3172 24.9622
3173 25.1064
3174 25.2506
3175 25.3948
3176 25.539
3177 25.6832
3178 25.8274
3179 25.9716
3180 26.1158
3181 26.26
3182 26.4042
3183 26.5484
3184 26.6926
3185 26.8368
3186 26.981
3187 27.1252
3188 27.2694
3189 27.4136
3190 27.5578
3191 27.702
3192 27.8462
3193 27.9904
3194 28.1346
3195 28.2788
3196 28.423
3197 28.5672
3198 28.7114
3199 28.8711
3200 29.158
3201 29.4449
3202 29.7318
3203 30.0187
3204 30.3055
3205 30.5924
3206 30.8793
3207 31.1662
3208 31.453
3209 31.7399
3210 32.0268
3211 32.3137
3212 32.6005
3213 32.8874
3214 33.1743
3215 33.4612
3216 33.7481
3217 34.0349
3218 34.3218
3219 34.6087
3220 34.8956
3221 35.1824
3222 35.4693
3223 35.7562
3224 36.0431
3225 36.3299
3226 36.6168
3227 36.9037
3228 37.1906
3229 37.4775
3230 37.7643
3231 38.0512
3232 38.3381
3233 38.625
3234 38.9118
3235 39.1987
3236 39.4856
3237 39.7725
3238 40.0593
3239 40.3462
3240 40.6331
3241 40.92
3242 41.2069
3243 41.4937
3244 41.7806
3245 42.0675
3246 42.3544
3247 42.6412
3248 42.9281
3249 43.215
3250 43.5019
3251 43.7888
3252 44.0756
3253 44.3625
3254 44.6494
3255 44.9363
3256 45.2231
3257 45.51
3258 45.7969
3259 46.0838
3260 46.3706
3261 46.6575
3262 46.9444
3263 47.2313
3264 47.5182
3265 47.805
3266 48.0919
3267 48.3788
3268 48.6657
3269 48.9525
3270 49.2394
3271 49.5263
3272 49.8132
3273 50.1
3274 50.3869
3275 50.6738
3276 50.9607
3277 51.2476
3278 51.5344
3279 51.8213
3280 52.1082
3281 52.3951
3282 52.6819
3283 52.9688
3284 53.2557
3285 53.5426
3286 53.8294
3287 54.1163
3288 54.4032
3289 54.6901
3290 54.977
3291 55.2638
3292 55.5507
3293 55.8376
3294 56.1245
3295 56.4113
3296 56.6982
3297 56.9851
3298 57.272
3299 57.5589
3300 57.8457
3301 58.1326
3302 58.4195
3303 58.7064
3304 58.9932
3305 59.2801
3306 59.567
3307 59.8539
3308 60.1407
3309 60.4276
3310 60.7145
3311 61.0014
3312 61.2883
3313 61.5751
3314 61.862
3315 62.1489
3316 62.4358
3317 62.7226
3318 63.0095
3319 63.2964
3320 63.5833
3321 63.8701
3322 64.157
3323 64.4439
3324 64.7308
3325 65.0177
3326 65.3045
3327 65.5914
3328 65.8783
3329 66.1652
3330 66.452
3331 66.7389
3332 67.0258
3333 67.3127
3334 67.5995
3335 67.8864
3336 68.1733
3337 68.4602
3338 68.7471
3339 69.0339
3340 69.3208
3341 69.6077
3342 69.8946
3343 70.1814
3344 70.4683
3345 70.7552
3346 71.0421
3347 71.3289
3348 71.6158
3349 71.9027
3350 72.1896
3351 72.4765
3352 72.7633
3353 73.0502
3354 73.3371
3355 73.624
3356 73.9108
3357 74.1977
3358 74.4846
3359 74.7715
3360 75.0583
3361 75.3452
3362 75.6321
3363 75.919
3364 76.2059
3365 76.4927
3366 76.7796
3367 77.0665
3368 77.3534
3369 77.6402
3370 77.9271
3371 78.214
3372 78.5009
3373 78.7878
3374 79.0746
3375 79.3615
3376 79.6484
3377 79.9353
3378 80.2221
3379 80.509
3380 80.7959
3381 81.0828
3382 81.3696
3383 81.6565
3384 81.9434
3385 82.2303
3386 82.5172
3387 82.804
3388 83.0909
3389 83.3778
3390 83.6647
3391 83.9515
3392 84.2384
3393 84.5253
3394 84.8122
3395 85.0991
3396 85.3859
3397 85.6728
3398 85.9597
3399 86.2466
3400 86.5334
3401 86.8203
3402 87.1072
3403 87.3941
3404 87.6809
3405 87.9678
3406 88.2547
3407 88.5416
3408 88.8285
3409 89.1153
3410 89.4022
3411 89.6891
3412 89.976
3413 90.2628
3414 90.5497
3415 90.8366
3416 91.1235
3417 91.4103
3418 91.6972
3419 91.9841
3420 92.271
3421 92.5579
3422 92.8447
3423 93.1316
3424 93.4185
3425 93.7054
3426 93.9922
3427 94.2791
3428 94.566
3429 94.8529
3430 95.1397
3431 95.4266
3432 95.7135
3433 96.0004
3434 96.2873
3435 96.5741
3436 96.861
3437 97.1479
3438 97.4348
3439 97.7216
3440 98.0085
3441 98.2954
3442 98.5823
3443 98.8691
3444 99.156
3445 99.4429
3446 99.7298
3447 100.017
3448 100.304
3449 100.59
3450 100.877
3451 101.164
3452 101.451
3453 101.738
3454 102.025
3455 102.312
3456 102.599
3457 102.885
3458 103.172
3459 103.459
3460 103.746
3461 104.033
3462 104.32
3463 104.607
3464 104.894
3465 105.18
3466 105.467
3467 105.754
3468 106.041
3469 106.328
3470 106.615
3471 106.902
3472 107.189
3473 107.475
3474 107.762
3475 108.049
3476 108.336
3477 108.623
3478 108.91
3479 109.197
3480 109.484
3481 109.77
3482 110.057
3483 110.344
3484 110.631
3485 110.918
3486 111.205
3487 111.492
3488 111.779
3489 112.065
3490 112.352
3491 112.639
3492 112.926
3493 113.213
3494 113.5
3495 113.787
3496 114.074
3497 114.361
3498 114.647
3499 114.934
