3499
1 0
2 0
3 0
4 0
5 0
6 0
7 0
8 0
9 0
10 0
11 0
12 0
13 0
14 0
15 0
16 0
17 0
18 0
19 0
20 0
21 0
22 0
23 0
24 0
25 0
26 0
27 0
28 0
29 0
30 0
31 0
32 0
33 0
34 0
35 0
36 0
37 0
38 0
39 0
40 0
41 0
42 0
43 0
44 0
45 0
46 0
47 0
48 0
49 0
50 0
51 0
52 0
53 0
54 0
55 0
56 0
57 0
58 0
59 0
60 0
61 0
62 0
63 0
64 0
65 0
66 0
67 0
68 0
69 0
70 0
71 0
72 0
73 0
74 0
75 0
76 0
77 0
78 0
79 0
80 0
81 0
82 0
83 0
84 0
85 0
86 0
87 0
88 0
89 0
90 0
91 0
92 0
93 0
94 0
95 0
96 0
97 0
98 0
99 0
100 0
101 0
102 0
103 0
104 0
105 0
106 0
107 0
108 0
109 0
110 0
111 0
112 0
113 0
114 0
115 0
116 0
117 0
118 0
119 0
120 0
121 0
122 0
123 0
124 0
125 0
126 0
127 0
128 0
129 0
130 0
131 0
132 0
133 0
134 0
135 0
136 0
137 0
138 0
139 0
140 0
141 0
142 0
143 0
144 0
145 0
146 0
147 0
148 0
149 0
150 0
151 0
152 0
153 0
154 0
155 0
156 0
157 0
158 0
159 0
160 0
161 0
162 0
163 0
164 0
165 0
166 0
167 0
168 0
169 0
170 0
171 0
172 0
173 0
174 0
175 0
176 0
177 0
178 0
179 0
180 0
181 0
182 0
183 0
184 0
185 0
186 0
187 0
188 0
189 0
190 0
191 0
192 0
193 0
194 0
195 0
196 0
197 0
198 0
199 0
200 0
201 0
202 0
203 0
204 0
205 0
206 0
207 0
208 0
209 0
210 0
211 0
212 0
213 0
214 0
215 0
216 0
217 0
218 0
219 0
220 0
221 0
222 0
223 0
224 0
225 0
226 0
227 0
228 0
229 0
230 0
231 0
232 0
233 0
234 0
235 0
236 0
237 0
238 0
239 0
240 0
241 0
242 0
243 0
244 0
245 0
246 0
247 0
248 0
249 0
250 0
251 0
252 0
253 0
254 0
255 0
256 0
257 0
258 0
259 0
260 0
261 0
262 0
263 0
264 0
265 0
266 0
267 0
268 0
269 0
270 0
271 0
272 0
273 0
274 0
275 0
276 0
277 0
278 0
279 0
280 0
281 0
282 0
283 0
284 0
285 0
286 0
287 0
288 0
289 0
290 0
291 0
292 0
293 0
294 0
295 0
296 0
297 0
298 0
299 0
300 0
301 0
302 0
303 0
304 0
305 0
306 0
307 0
308 0
309 0
310 0
311 0
312 0
313 0
314 0
315 0
316 0
317 0
318 0
319 0
320 0
321 0
322 0
323 0
324 0
325 0
326 0
327 0
328 0
329 0
330 0
331 0
332 0
333 0
334 0
335 0
336 0
337 0
338 0
339 0
340 0
341 0
342 0
343 0
344 0
345 0
346 0
347 0
348 0
349 0
350 0
351 0
352 0
353 0
354 0
355 0
356 0
357 0
358 0
359 0
360 0
361 0
362 0
363 0
364 0
365 0
366 0
367 0
368 0
369 0
370 0
371 0
372 0
373 0
374 0
375 0
376 0
377 0
378 0
379 0
380 0
381 0
382 0
383 0
384 0
385 0
386 0
387 0
388 0
389 0
390 0
391 0
392 0
393 0
394 0
395 0
396 0
397 0
398 0
399 0
400 0
401 0
402 0
403 0
404 0
405 0
406 0
407 0
408 0
409 0
410 0
411 0
412 0
413 0
414 0
415 0
416 0
417 0
418 0
419 0
420 0
421 0
422 0
423 0
424 0
425 0
426 0
427 0
428 0
429 0
430 0
431 0
432 0
433 0
434 0
435 0
436 0
437 0
438 0
439 0
440 0
441 0
442 0
443 0
444 0
445 0
446 0
447 0
448 0
449 0
450 0
451 0
452 0
453 0
454 0
455 0
456 0
457 0
458 0
459 0
460 0
461 0
462 0
463 0
464 0
465 0
466 0
467 0
468 0
469 0
470 0
471 0
472 0
473 0
474 0
475 0
476 0
477 0
478 0
479 0
480 0
481 0
482 0
483 0
484 0
485 0
486 0
487 0
488 0
489 0
490 0
491 0
492 0
493 0
494 0
495 0
496 0
497 0
498 0
499 0
500 0
501 0
502 0
503 0
504 0
505 0
506 0
507 0
508 0
509 0
510 0
511 0
512 0
513 0
514 0
515 0
516 0
517 0
518 0
519 0
520 0
521 0
522 0
523 0
524 0
525 0
526 0
527 0
528 0
529 0
530 0
531 0
532 0
533 0
534 0
535 0
536 0
537 0
538 0
539 0
540 0
541 0
542 0
543 0
544 0
545 0
546 0
547 0
548 0
549 0
550 0
551 0
552 0
553 0
554 0
555 0
556 0
557 0
558 0
559 0
560 0
561 0
562 0
563 0
564 0
565 0
566 0
567 0
568 0
569 0
570 0
571 0
572 0
573 0
574 0
575 0
576 0
577 0
578 0
579 0
580 0
581 0
582 0
583 0
584 0
585 0
586 0
587 0
588 0
589 0
590 0
591 0
592 0
593 0
594 0
595 0
596 0
597 0
598 0
599 0
600 0
601 0
602 0
603 0
604 0
605 0
606 0
607 0
608 0
609 0
610 0
611 0
612 0
613 0
614 0
615 0
616 0
617 0
618 0
619 0
620 0
621 0
622 0
623 0
624 0
625 0
626 0
627 0
628 0
629 0
630 0
631 0
632 0
633 0
634 0
635 0
636 0
637 0
638 0
639 0
640 0
641 0
642 0
643 0
644 0
645 0
646 0
647 0
648 0
649 0
650 0
651 0
652 0
653 0
654 0
655 0
656 0
657 0
658 0
659 0
660 0
661 0
662 0
663 0
664 0
665 0
666 0
667 0
668 0
669 0
670 0
671 0
672 0
673 0
674 0
675 0
676 0
677 0
678 0
679 0
680 0
681 0
682 0
683 0
684 0
685 0
686 0
687 0
688 0
689 0
690 0
691 0
692 0
693 0
694 0
695 0
696 0
697 0
698 0
699 0
700 0
701 0
702 0
703 0
704 0
705 0
706 0
707 0
708 0
709 0
710 0
711 0
712 0
713 0
714 0
715 0
716 0
717 0
718 0
719 0
720 0
721 0
722 0
723 0
724 0
725 0
726 0
727 0
728 0
729 0
730 0
731 0
732 0
733 0
734 0
735 0
736 0
737 0
738 0
739 0
740 0
741 0
742 0
743 0
744 0
745 0
746 0
747 0
748 0
749 0
750 0
751 0
752 0
753 0
754 0
755 0
756 0
757 0
758 0
759 0
760 0
761 0
762 0
763 0
764 0
765 0
766 0
767 0
768 0
769 0
770 0
771 0
772 0
773 0
774 0
775 0
776 0
777 0
778 0
779 0
780 0
781 0
782 0
783 0
784 0
785 0
786 0
787 0
788 0
789 0
790 0
791 0
792 0
793 0
794 0
795 0
796 0
797 0
798 0
799 0
800 0
801 0
802 0
803 0
804 0
805 0
806 0
807 0
808 0
809 0
810 0
811 0
812 0
813 0
814 0
815 0
816 0
817 0
818 0
819 0
820 0
821 0
822 0
823 0
824 0
825 0
826 0
827 0
828 0
829 0
830 0
831 0
832 0
833 0
834 0
835 0
836 0
837 0
838 0
839 0
840 0
841 0
842 0
843 0
844 0
845 0
846 0
847 0
848 0
849 0
850 0
851 0
852 0
853 0
854 0
855 0
856 0
857 0
858 0
859 0
860 0
861 0
862 0
863 4.08388e-11
864 1.32962e-10
865 2.25085e-10
866 3.17208e-10
867 4.09331e-10
868 5.01453e-10
869 5.93576e-10
870 6.85699e-10
871 7.77822e-10
872 8.69945e-10
873 9.62068e-10
874 1.05419e-09
875 1.14631e-09
876 1.23844e-09
877 1.33056e-09
878 1.42268e-09
879 1.51481e-09
880 1.60693e-09
881 1.69905e-09
882 1.79117e-09
883 1.8833e-09
884 1.97542e-09
885 2.06754e-09
886 2.15967e-09
887 2.25179e-09
888 2.34391e-09
889 2.43604e-09
890 2.52816e-09
891 2.62028e-09
892 2.7124e-09
893 2.80453e-09
894 2.89665e-09
895 2.98877e-09
896 3.0809e-09
897 3.17302e-09
898 3.26514e-09
899 3.35726e-09
900 3.44939e-09
901 3.54151e-09
902 3.63363e-09
903 3.72576e-09
904 3.81788e-09
905 3.91e-09
906 4.00212e-09
907 4.09425e-09
908 4.18637e-09
909 4.27849e-09
910 4.37062e-09
911 4.46274e-09
912 4.55486e-09
913 4.64699e-09
914 4.73911e-09
915 4.83123e-09
916 4.92335e-09
917 5.01548e-09
918 5.1076e-09
919 5.19972e-09
920 5.29185e-09
921 5.38397e-09
922 5.47609e-09
923 5.56821e-09
924 5.66034e-09
925 5.75246e-09
926 5.84458e-09
927 5.92374e-09
928 5.98515e-09
929 6.04657e-09
930 6.10798e-09
931 6.16939e-09
932 6.23081e-09
933 6.29222e-09
934 6.35364e-09
935 6.41505e-09
936 6.47646e-09
937 6.53788e-09
938 6.59929e-09
939 6.66071e-09
940 6.72212e-09
941 6.78353e-09
942 6.84495e-09
943 6.90636e-09
944 6.96777e-09
945 7.02919e-09
946 7.0906e-09
947 7.15202e-09
948 7.21343e-09
949 7.27484e-09
950 7.33626e-09
951 7.39767e-09
952 7.45909e-09
953 7.5205e-09
954 7.58191e-09
955 7.64333e-09
956 7.70474e-09
957 7.7634e-09
958 7.78185e-09
959 7.8003e-09
960 7.81875e-09
961 7.8372e-09
962 7.85565e-09
963 7.8741e-09
964 7.89256e-09
965 7.91101e-09
966 7.92946e-09
967 7.94791e-09
968 7.96636e-09
969 7.98481e-09
970 8.00326e-09
971 8.02171e-09
972 8.04016e-09
973 8.05861e-09
974 8.07706e-09
975 8.09551e-09
976 8.11396e-09
977 8.13241e-09
978 8.15086e-09
979 8.16931e-09
980 8.18776e-09
981 8.20621e-09
982 8.22466e-09
983 8.24311e-09
984 8.26156e-09
985 8.28001e-09
986 8.29846e-09
987 8.31691e-09
988 8.33536e-09
989 8.35381e-09
990 8.37226e-09
991 8.39071e-09
992 8.40916e-09
993 8.42761e-09
994 8.44606e-09
995 8.46451e-09
996 8.48296e-09
997 8.50141e-09
998 8.51986e-09
999 8.53831e-09
1000 8.55872e-09
1001 8.58064e-09
1002 8.60257e-09
1003 8.62449e-09
1004 8.64642e-09
1005 8.66834e-09
1006 8.69027e-09
1007 8.71219e-09
1008 8.73411e-09
1009 8.75604e-09
1010 8.77796e-09
1011 8.79989e-09
1012 8.82181e-09
1013 8.84374e-09
1014 8.86566e-09
1015 8.88758e-09
1016 8.90951e-09
1017 8.93143e-09
1018 8.95336e-09
1019 8.97528e-09
1020 8.99721e-09
1021 9.01913e-09
1022 9.04106e-09
1023 9.05787e-09
1024 9.07337e-09
1025 9.08886e-09
1026 9.10435e-09
1027 9.11984e-09
1028 9.13533e-09
1029 9.15082e-09
1030 9.16632e-09
1031 9.18181e-09
1032 9.1973e-09
1033 9.21279e-09
1034 9.22828e-09
1035 9.24377e-09
1036 9.25927e-09
1037 9.27476e-09
1038 9.29025e-09
1039 9.30574e-09
1040 9.32123e-09
1041 9.33673e-09
1042 9.35222e-09
1043 9.36771e-09
1044 9.3832e-09
1045 9.39869e-09
1046 9.41418e-09
1047 9.42968e-09
1048 9.44517e-09
1049 9.46066e-09
1050 9.47615e-09
1051 9.49164e-09
1052 9.50714e-09
1053 9.55437e-09
1054 9.64273e-09
1055 9.73109e-09
1056 9.81945e-09
1057 9.9078e-09
1058 9.99616e-09
1059 1.00845e-08
1060 1.01729e-08
1061 1.02612e-08
1062 1.03496e-08
1063 1.0438e-08
1064 1.05263e-08
1065 1.06147e-08
1066 1.0703e-08
1067 1.07914e-08
1068 1.08797e-08
1069 1.09681e-08
1070 1.10565e-08
1071 1.11448e-08
1072 1.12332e-08
1073 1.13215e-08
1074 1.14099e-08
1075 1.14983e-08
1076 1.15866e-08
1077 1.1675e-08
1078 1.17633e-08
1079 1.18517e-08
1080 1.194e-08
1081 1.20284e-08
1082 1.21168e-08
1083 1.22051e-08
1084 1.22935e-08
1085 1.23818e-08
1086 1.24702e-08
1087 1.25586e-08
1088 1.26469e-08
1089 1.27353e-08
1090 1.28236e-08
1091 1.2912e-08
1092 1.30003e-08
1093 1.30887e-08
1094 1.31771e-08
1095 1.32654e-08
1096 1.33538e-08
1097 1.34421e-08
1098 1.35305e-08
1099 1.36188e-08
1100 1.38383e-08
1101 1.42713e-08
1102 1.47043e-08
1103 1.51372e-08
1104 1.55702e-08
1105 1.60032e-08
1106 1.64362e-08
1107 1.68692e-08
1108 1.73021e-08
1109 1.77351e-08
1110 1.81681e-08
1111 1.86011e-08
1112 1.90341e-08
1113 1.9467e-08
1114 1.99e-08
1115 2.0333e-08
1116 2.0766e-08
1117 2.1199e-08
1118 2.16319e-08
1119 2.20649e-08
1120 2.24979e-08
1121 2.29309e-08
1122 2.33639e-08
1123 2.37968e-08
1124 2.42298e-08
1125 2.46628e-08
1126 2.50958e-08
1127 2.55288e-08
1128 2.59617e-08
1129 2.63947e-08
1130 2.68277e-08
1131 2.72607e-08
1132 2.76937e-08
1133 2.81266e-08
1134 3.13207e-08
1135 3.4553e-08
1136 3.77852e-08
1137 4.10175e-08
1138 4.42498e-08
1139 4.7482e-08
1140 5.07143e-08
1141 5.39466e-08
1142 5.71789e-08
1143 6.04111e-08
1144 6.36434e-08
1145 6.68757e-08
1146 7.0108e-08
1147 7.33402e-08
1148 7.65725e-08
1149 7.98048e-08
1150 8.30371e-08
1151 8.62693e-08
1152 8.95016e-08
1153 9.27339e-08
1154 9.59662e-08
1155 9.91984e-08
1156 1.02431e-07
1157 1.05663e-07
1158 1.15127e-07
1159 1.27264e-07
1160 1.39401e-07
1161 1.51538e-07
1162 1.63675e-07
1163 1.75812e-07
1164 1.8795e-07
1165 2.00087e-07
1166 2.12224e-07
1167 2.24361e-07
1168 2.36498e-07
1169 2.48635e-07
1170 2.60773e-07
1171 2.7291e-07
1172 2.85047e-07
1173 2.97184e-07
1174 3.09321e-07
1175 3.21458e-07
1176 3.33596e-07
1177 3.45733e-07
1178 3.35964e-07
1179 3.25445e-07
1180 3.14926e-07
1181 3.04407e-07
1182 2.93888e-07
1183 2.83369e-07
1184 2.7285e-07
1185 2.62331e-07
1186 2.51813e-07
1187 2.41294e-07
1188 2.30775e-07
1189 2.20256e-07
1190 2.09737e-07
1191 1.99218e-07
1192 1.88699e-07
1193 1.7818e-07
1194 1.67661e-07
1195 1.57143e-07
1196 1.46624e-07
1197 1.36105e-07
1198 1.25586e-07
1199 1.15067e-07
1200 1.06389e-07
1201 1.05157e-07
1202 1.03925e-07
1203 1.02692e-07
1204 1.0146e-07
1205 1.00228e-07
1206 9.89957e-08
1207 9.77635e-08
1208 9.65313e-08
1209 9.5299e-08
1210 9.40668e-08
1211 9.28345e-08
1212 9.16023e-08
1213 9.03701e-08
1214 8.91378e-08
1215 8.79056e-08
1216 8.66733e-08
1217 8.54411e-08
1218 8.42089e-08
1219 8.29766e-08
1220 8.17444e-08
1221 8.05122e-08
1222 7.92799e-08
1223 7.80477e-08
1224 7.68154e-08
1225 7.55832e-08
1226 7.4351e-08
1227 7.31187e-08
1228 7.18865e-08
1229 7.06542e-08
1230 6.9422e-08
1231 6.81898e-08
1232 6.69575e-08
1233 6.57253e-08
1234 6.4493e-08
1235 6.38353e-08
1236 6.46097e-08
1237 6.53841e-08
1238 6.61586e-08
1239 6.6933e-08
1240 6.77074e-08
1241 6.84819e-08
1242 6.92563e-08
1243 7.00307e-08
1244 7.08052e-08
1245 7.15796e-08
1246 7.2354e-08
1247 7.31284e-08
1248 7.39029e-08
1249 7.46773e-08
1250 7.54517e-08
1251 7.62262e-08
1252 7.70006e-08
1253 7.7775e-08
1254 7.85495e-08
1255 7.93239e-08
1256 8.00983e-08
1257 8.08727e-08
1258 8.16472e-08
1259 8.24216e-08
1260 8.3196e-08
1261 8.39705e-08
1262 8.47449e-08
1263 8.55193e-08
1264 8.62938e-08
1265 8.70682e-08
1266 8.78426e-08
1267 8.86171e-08
1268 8.93915e-08
1269 9.01659e-08
1270 9.09403e-08
1271 9.17148e-08
1272 9.24892e-08
1273 9.32636e-08
1274 9.40381e-08
1275 9.48125e-08
1276 9.55869e-08
1277 9.63614e-08
1278 9.71358e-08
1279 9.79102e-08
1280 9.86847e-08
1281 9.94591e-08
1282 1.00234e-07
1283 1.01008e-07
1284 1.01782e-07
1285 1.02557e-07
1286 1.03331e-07
1287 1.04106e-07
1288 1.0488e-07
1289 1.05655e-07
1290 1.06429e-07
1291 1.07203e-07
1292 1.07978e-07
1293 1.08752e-07
1294 1.09527e-07
1295 1.10301e-07
1296 1.11076e-07
1297 1.1185e-07
1298 1.12624e-07
1299 1.14537e-07
1300 1.17443e-07
1301 1.2035e-07
1302 1.23256e-07
1303 1.26162e-07
1304 1.29069e-07
1305 1.31975e-07
1306 1.34881e-07
1307 1.37787e-07
1308 1.40694e-07
1309 1.436e-07
1310 1.46506e-07
1311 1.49412e-07
1312 1.52319e-07
1313 1.55225e-07
1314 1.58131e-07
1315 1.61037e-07
1316 1.63944e-07
1317 1.6685e-07
1318 1.69756e-07
1319 1.72662e-07
1320 1.80594e-07
1321 2.01241e-07
1322 2.21889e-07
1323 2.42536e-07
1324 2.63183e-07
1325 2.83831e-07
1326 3.04478e-07
1327 3.25125e-07
1328 3.45773e-07
1329 3.6642e-07
1330 3.87068e-07
1331 4.07715e-07
1332 4.28362e-07
1333 4.4901e-07
1334 4.69657e-07
1335 4.90305e-07
1336 5.10952e-07
1337 5.31599e-07
1338 5.52247e-07
1339 5.72894e-07
1340 5.73202e-07
1341 5.56896e-07
1342 5.4059e-07
1343 5.24283e-07
1344 5.07977e-07
1345 4.91671e-07
1346 4.75364e-07
1347 4.59058e-07
1348 4.42751e-07
1349 4.51681e-07
1350 4.92351e-07
1351 5.33021e-07
1352 5.73692e-07
1353 6.14362e-07
1354 6.55032e-07
1355 6.95702e-07
1356 7.36372e-07
1357 7.77042e-07
1358 8.17712e-07
1359 8.58382e-07
1360 8.99052e-07
1361 9.39722e-07
1362 9.80392e-07
1363 1.02106e-06
1364 1.06173e-06
1365 1.1024e-06
1366 1.14307e-06
1367 1.18374e-06
1368 1.22441e-06
1369 1.26508e-06
1370 1.30575e-06
1371 1.34642e-06
1372 1.38709e-06
1373 1.42776e-06
1374 1.46843e-06
1375 1.5091e-06
1376 1.54977e-06
1377 1.59044e-06
1378 1.63111e-06
1379 1.69174e-06
1380 1.96798e-06
1381 2.24422e-06
1382 2.52046e-06
1383 2.7967e-06
1384 3.07295e-06
1385 3.34919e-06
1386 3.62543e-06
1387 3.90167e-06
1388 4.17792e-06
1389 4.45416e-06
1390 4.7304e-06
1391 5.00664e-06
1392 5.28288e-06
1393 5.55913e-06
1394 5.83537e-06
1395 6.11161e-06
1396 6.38785e-06
1397 6.6641e-06
1398 6.94034e-06
1399 7.21658e-06
1400 7.49282e-06
1401 7.3497e-06
1402 7.12307e-06
1403 6.89644e-06
1404 6.66981e-06
1405 6.44318e-06
1406 6.21655e-06
1407 5.98992e-06
1408 5.76329e-06
1409 5.53667e-06
1410 5.31004e-06
1411 5.08341e-06
1412 4.85678e-06
1413 4.63015e-06
1414 4.40352e-06
1415 4.17689e-06
1416 3.95026e-06
1417 3.72363e-06
1418 3.497e-06
1419 3.27037e-06
1420 3.04374e-06
1421 2.81711e-06
1422 2.59049e-06
1423 2.37657e-06
1424 2.34471e-06
1425 2.31284e-06
1426 2.28098e-06
1427 2.24912e-06
1428 2.21726e-06
1429 2.18539e-06
1430 2.15353e-06
1431 2.12167e-06
1432 2.08981e-06
1433 2.05794e-06
1434 2.02608e-06
1435 1.99422e-06
1436 1.96236e-06
1437 1.93049e-06
1438 1.89863e-06
1439 1.86677e-06
1440 1.83491e-06
1441 1.80304e-06
1442 1.77118e-06
1443 1.73932e-06
1444 1.70746e-06
1445 1.67559e-06
1446 1.64373e-06
1447 1.61187e-06
1448 1.58001e-06
1449 1.54814e-06
1450 1.51628e-06
1451 1.48442e-06
1452 1.45256e-06
1453 1.42069e-06
1454 1.38883e-06
1455 1.35697e-06
1456 1.32511e-06
1457 1.29324e-06
1458 1.26778e-06
1459 1.27763e-06
1460 1.28747e-06
1461 1.29732e-06
1462 1.30717e-06
1463 1.31702e-06
1464 1.32687e-06
1465 1.33672e-06
1466 1.34657e-06
1467 1.35642e-06
1468 1.36626e-06
1469 1.37611e-06
1470 1.38596e-06
1471 1.39581e-06
1472 1.40566e-06
1473 1.41551e-06
1474 1.42536e-06
1475 1.43521e-06
1476 1.44505e-06
1477 1.4549e-06
1478 1.46475e-06
1479 1.4746e-06
1480 1.48445e-06
1481 1.4943e-06
1482 1.50415e-06
1483 1.514e-06
1484 1.52384e-06
1485 1.53369e-06
1486 1.54354e-06
1487 1.55339e-06
1488 1.56324e-06
1489 1.57309e-06
1490 1.58294e-06
1491 1.59279e-06
1492 1.60263e-06
1493 1.61248e-06
1494 1.62233e-06
1495 1.63218e-06
1496 1.64203e-06
1497 1.65188e-06
1498 1.66173e-06
1499 1.67158e-06
1500 1.68142e-06
1501 1.70145e-06
1502 1.72691e-06
1503 1.75237e-06
1504 1.77783e-06
1505 1.8033e-06
1506 1.82876e-06
1507 1.85422e-06
1508 1.87968e-06
1509 1.90514e-06
1510 1.93061e-06
1511 1.95607e-06
1512 1.98153e-06
1513 2.00699e-06
1514 2.03245e-06
1515 2.05792e-06
1516 2.08338e-06
1517 2.10884e-06
1518 2.1343e-06
1519 2.15976e-06
1520 2.18523e-06
1521 2.21069e-06
1522 2.23615e-06
1523 2.26161e-06
1524 2.28707e-06
1525 2.31254e-06
1526 2.338e-06
1527 2.36346e-06
1528 2.38892e-06
1529 2.41438e-06
1530 2.43984e-06
1531 2.46531e-06
1532 2.49077e-06
1533 2.51623e-06
1534 2.54169e-06
1535 2.56715e-06
1536 2.63965e-06
1537 2.72868e-06
1538 2.81772e-06
1539 2.90675e-06
1540 2.99578e-06
1541 3.08482e-06
1542 3.17385e-06
1543 3.26288e-06
1544 3.35192e-06
1545 3.44095e-06
1546 3.52998e-06
1547 3.61902e-06
1548 3.70805e-06
1549 3.79709e-06
1550 3.88612e-06
1551 3.97515e-06
1552 4.06419e-06
1553 4.15322e-06
1554 4.24225e-06
1555 4.33129e-06
1556 4.42032e-06
1557 4.50935e-06
1558 4.59839e-06
1559 4.68742e-06
1560 4.77646e-06
1561 4.86549e-06
1562 4.95452e-06
1563 5.04356e-06
1564 5.13259e-06
1565 5.22162e-06
1566 5.31066e-06
1567 5.39969e-06
1568 5.48872e-06
1569 5.57776e-06
1570 5.66679e-06
1571 5.75582e-06
1572 5.84486e-06
1573 5.93389e-06
1574 6.02292e-06
1575 6.11196e-06
1576 6.20099e-06
1577 6.29003e-06
1578 6.37906e-06
1579 6.46809e-06
1580 6.55713e-06
1581 6.64616e-06
1582 6.73519e-06
1583 6.82423e-06
1584 6.9888e-06
1585 7.53107e-06
1586 8.07334e-06
1587 8.61562e-06
1588 9.15789e-06
1589 9.70016e-06
1590 1.02424e-05
1591 1.07847e-05
1592 1.1327e-05
1593 1.18692e-05
1594 1.24115e-05
1595 1.29538e-05
1596 1.34961e-05
1597 1.40383e-05
1598 1.45806e-05
1599 1.51229e-05
1600 1.56651e-05
1601 1.6247e-05
1602 1.68735e-05
1603 1.75e-05
1604 1.81266e-05
1605 1.87531e-05
1606 1.93796e-05
1607 2.00061e-05
1608 2.06326e-05
1609 2.12592e-05
1610 2.15213e-05
1611 2.11416e-05
1612 2.07618e-05
1613 2.03821e-05
1614 2.00024e-05
1615 1.96227e-05
1616 1.9243e-05
1617 1.88633e-05
1618 1.84836e-05
1619 1.81039e-05
1620 1.77242e-05
1621 1.73445e-05
1622 1.69648e-05
1623 1.65851e-05
1624 1.62054e-05
1625 1.58257e-05
1626 1.5446e-05
1627 1.50663e-05
1628 1.46866e-05
1629 1.43069e-05
1630 1.39272e-05
1631 1.35475e-05
1632 1.31677e-05
1633 1.2788e-05
1634 1.24083e-05
1635 1.20286e-05
1636 1.16489e-05
1637 1.12692e-05
1638 1.08895e-05
1639 1.05098e-05
1640 1.01301e-05
1641 9.7504e-06
1642 9.37069e-06
1643 8.99099e-06
1644 8.61128e-06
1645 8.37413e-06
1646 8.31105e-06
1647 8.24797e-06
1648 8.18489e-06
1649 8.12181e-06
1650 8.05874e-06
1651 7.99566e-06
1652 7.93258e-06
1653 7.8695e-06
1654 7.80642e-06
1655 7.74335e-06
1656 7.68027e-06
1657 7.61719e-06
1658 7.55411e-06
1659 7.49103e-06
1660 7.42795e-06
1661 7.36488e-06
1662 7.3018e-06
1663 7.23872e-06
1664 7.17564e-06
1665 7.11256e-06
1666 7.04949e-06
1667 6.98641e-06
1668 6.92333e-06
1669 6.86025e-06
1670 6.79717e-06
1671 6.73409e-06
1672 6.67102e-06
1673 6.60794e-06
1674 6.54486e-06
1675 6.48178e-06
1676 6.4187e-06
1677 6.35562e-06
1678 6.29255e-06
1679 6.22947e-06
1680 6.16639e-06
1681 6.10331e-06
1682 6.04023e-06
1683 6.01552e-06
1684 6.02879e-06
1685 6.04206e-06
1686 6.05533e-06
1687 6.06861e-06
1688 6.08188e-06
1689 6.09515e-06
1690 6.10842e-06
1691 6.12169e-06
1692 6.13497e-06
1693 6.14824e-06
1694 6.16151e-06
1695 6.17478e-06
1696 6.18806e-06
1697 6.20133e-06
1698 6.2146e-06
1699 6.22787e-06
1700 6.24115e-06
1701 6.25238e-06
1702 6.25856e-06
1703 6.26474e-06
1704 6.27093e-06
1705 6.27711e-06
1706 6.28329e-06
1707 6.28947e-06
1708 6.29566e-06
1709 6.30184e-06
1710 6.30802e-06
1711 6.3142e-06
1712 6.32038e-06
1713 6.32657e-06
1714 6.33275e-06
1715 6.33893e-06
1716 6.34511e-06
1717 6.3513e-06
1718 6.35748e-06
1719 6.36366e-06
1720 6.36984e-06
1721 6.37602e-06
1722 6.38221e-06
1723 6.38839e-06
1724 6.39457e-06
1725 6.40075e-06
1726 6.40694e-06
1727 6.41312e-06
1728 6.4193e-06
1729 6.42548e-06
1730 6.43166e-06
1731 6.43785e-06
1732 6.42723e-06
1733 6.41534e-06
1734 6.40345e-06
1735 6.39156e-06
1736 6.37967e-06
1737 6.36778e-06
1738 6.35589e-06
1739 6.344e-06
1740 6.33211e-06
1741 6.32022e-06
1742 6.30833e-06
1743 6.29644e-06
1744 6.28455e-06
1745 6.27266e-06
1746 6.26077e-06
1747 6.24888e-06
1748 6.23699e-06
1749 6.2251e-06
1750 6.21321e-06
1751 6.20132e-06
1752 6.18943e-06
1753 6.17754e-06
1754 6.16565e-06
1755 6.15376e-06
1756 6.14187e-06
1757 6.12998e-06
1758 6.11809e-06
1759 6.1062e-06
1760 6.09431e-06
1761 6.08242e-06
1762 6.07053e-06
1763 6.05864e-06
1764 6.04675e-06
1765 6.03486e-06
1766 6.02297e-06
1767 6.01108e-06
1768 5.99919e-06
1769 5.9873e-06
1770 5.97541e-06
1771 5.96352e-06
1772 5.95163e-06
1773 5.93974e-06
1774 5.92785e-06
1775 5.91596e-06
1776 5.90407e-06
1777 5.89218e-06
1778 5.88029e-06
1779 5.8684e-06
1780 5.85651e-06
1781 5.84462e-06
1782 5.83273e-06
1783 5.82084e-06
1784 5.80895e-06
1785 5.79706e-06
1786 5.78517e-06
1787 5.77328e-06
1788 5.76139e-06
1789 5.7495e-06
1790 5.73761e-06
1791 5.72572e-06
1792 5.71383e-06
1793 5.70194e-06
1794 5.69005e-06
1795 5.67816e-06
1796 5.66627e-06
1797 5.65437e-06
1798 5.64248e-06
1799 5.63059e-06
1800 5.6187e-06
1801 5.60955e-06
1802 5.62358e-06
1803 5.63762e-06
1804 5.65166e-06
1805 5.66569e-06
1806 5.67973e-06
1807 5.69377e-06
1808 5.7078e-06
1809 5.72184e-06
1810 5.73588e-06
1811 5.74991e-06
1812 5.76395e-06
1813 5.77799e-06
1814 5.79202e-06
1815 5.80606e-06
1816 5.8201e-06
1817 5.83413e-06
1818 5.84817e-06
1819 5.86221e-06
1820 5.87624e-06
1821 5.89028e-06
1822 5.90432e-06
1823 5.91835e-06
1824 5.93239e-06
1825 5.94643e-06
1826 5.96047e-06
1827 5.9745e-06
1828 5.98854e-06
1829 6.00258e-06
1830 6.01661e-06
1831 6.03065e-06
1832 6.04469e-06
1833 6.05872e-06
1834 6.07276e-06
1835 6.0868e-06
1836 6.10083e-06
1837 6.11487e-06
1838 6.12891e-06
1839 6.14294e-06
1840 6.15698e-06
1841 6.17102e-06
1842 6.18505e-06
1843 6.19909e-06
1844 6.21313e-06
1845 6.22716e-06
1846 6.2412e-06
1847 6.25524e-06
1848 6.26927e-06
1849 6.28331e-06
1850 6.29735e-06
1851 6.31139e-06
1852 6.32542e-06
1853 6.33946e-06
1854 6.3535e-06
1855 6.36753e-06
1856 6.4187e-06
1857 6.51336e-06
1858 6.60802e-06
1859 6.70268e-06
1860 6.79735e-06
1861 6.89201e-06
1862 6.98667e-06
1863 7.08133e-06
1864 7.17599e-06
1865 7.27065e-06
1866 7.36532e-06
1867 7.45998e-06
1868 7.55464e-06
1869 7.6493e-06
1870 7.74396e-06
1871 7.83862e-06
1872 7.93328e-06
1873 8.02795e-06
1874 8.12261e-06
1875 8.21727e-06
1876 8.31193e-06
1877 8.40659e-06
1878 8.50125e-06
1879 8.59592e-06
1880 8.69058e-06
1881 8.78524e-06
1882 8.8799e-06
1883 8.97456e-06
1884 9.06922e-06
1885 9.16388e-06
1886 9.25855e-06
1887 9.35321e-06
1888 9.44787e-06
1889 9.54253e-06
1890 9.63719e-06
1891 9.73185e-06
1892 9.82651e-06
1893 9.92118e-06
1894 1.00158e-05
1895 1.01105e-05
1896 1.02052e-05
1897 1.02998e-05
1898 1.03945e-05
1899 1.04891e-05
1900 1.07866e-05
1901 1.13409e-05
1902 1.18952e-05
1903 1.24495e-05
1904 1.30038e-05
1905 1.35581e-05
1906 1.41125e-05
1907 1.46668e-05
1908 1.52211e-05
1909 1.57754e-05
1910 1.63297e-05
1911 1.7403e-05
1912 1.85936e-05
1913 1.97841e-05
1914 2.09747e-05
1915 2.21652e-05
1916 2.33558e-05
1917 2.45464e-05
1918 2.57369e-05
1919 2.69275e-05
1920 2.8118e-05
1921 2.93086e-05
1922 3.04991e-05
1923 3.16897e-05
1924 3.28802e-05
1925 3.40708e-05
1926 3.52614e-05
1927 3.64519e-05
1928 3.76425e-05
1929 3.8833e-05
1930 4.02013e-05
1931 4.35357e-05
1932 4.68701e-05
1933 5.02046e-05
1934 5.3539e-05
1935 5.68734e-05
1936 6.02079e-05
1937 6.35423e-05
1938 6.68767e-05
1939 7.02112e-05
1940 7.35456e-05
1941 7.688e-05
1942 8.02144e-05
1943 8.35489e-05
1944 8.68833e-05
1945 9.02177e-05
1946 8.79696e-05
1947 8.5127e-05
1948 8.22844e-05
1949 7.94418e-05
1950 7.65991e-05
1951 7.37565e-05
1952 7.09139e-05
1953 6.80713e-05
1954 6.52287e-05
1955 6.23861e-05
1956 5.95435e-05
1957 5.67009e-05
1958 5.38583e-05
1959 5.10157e-05
1960 4.81731e-05
1961 4.53305e-05
1962 4.24878e-05
1963 3.96452e-05
1964 3.82958e-05
1965 3.76208e-05
1966 3.69458e-05
1967 3.62709e-05
1968 3.55959e-05
1969 3.4921e-05
1970 3.4246e-05
1971 3.3571e-05
1972 3.28961e-05
1973 3.22211e-05
1974 3.15462e-05
1975 3.08712e-05
1976 3.01962e-05
1977 2.95213e-05
1978 2.88463e-05
1979 2.81714e-05
1980 2.74964e-05
1981 2.68214e-05
1982 2.61465e-05
1983 2.54715e-05
1984 2.47966e-05
1985 2.41216e-05
1986 2.34466e-05
1987 2.27717e-05
1988 2.20967e-05
1989 2.14218e-05
1990 2.07468e-05
1991 2.00718e-05
1992 1.93969e-05
1993 1.87219e-05
1994 1.8047e-05
1995 1.7372e-05
1996 1.6697e-05
1997 1.60221e-05
1998 1.53471e-05
1999 1.46722e-05
2000 1.41549e-05
2001 1.40888e-05
2002 1.40227e-05
2003 1.39566e-05
2004 1.38905e-05
2005 1.38244e-05
2006 1.37583e-05
2007 1.36922e-05
2008 1.36262e-05
2009 1.35601e-05
2010 1.3494e-05
2011 1.34279e-05
2012 1.33618e-05
2013 1.32957e-05
2014 1.32296e-05
2015 1.31635e-05
2016 1.30974e-05
2017 1.30313e-05
2018 1.29759e-05
2019 1.31527e-05
2020 1.33295e-05
2021 1.35062e-05
2022 1.3683e-05
2023 1.38597e-05
2024 1.40365e-05
2025 1.42132e-05
2026 1.439e-05
2027 1.45667e-05
2028 1.47435e-05
2029 1.49202e-05
2030 1.5097e-05
2031 1.52738e-05
2032 1.54505e-05
2033 1.56273e-05
2034 1.5804e-05
2035 1.59808e-05
2036 1.61575e-05
2037 1.63343e-05
2038 1.6511e-05
2039 1.66878e-05
2040 1.68646e-05
2041 1.70413e-05
2042 1.72181e-05
2043 1.73948e-05
2044 1.75716e-05
2045 1.77483e-05
2046 1.79251e-05
2047 1.81018e-05
2048 1.82786e-05
2049 1.84553e-05
2050 1.86321e-05
2051 1.88089e-05
2052 1.89856e-05
2053 1.91624e-05
2054 1.93391e-05
2055 1.95159e-05
2056 1.96926e-05
2057 1.98694e-05
2058 2.00461e-05
2059 2.02229e-05
2060 2.03997e-05
2061 2.05764e-05
2062 2.07532e-05
2063 2.09299e-05
2064 2.11067e-05
2065 2.12834e-05
2066 2.14602e-05
2067 2.16369e-05
2068 2.18137e-05
2069 2.19904e-05
2070 2.26382e-05
2071 2.38976e-05
2072 2.5157e-05
2073 2.64163e-05
2074 2.76757e-05
2075 2.89351e-05
2076 3.01945e-05
2077 3.14539e-05
2078 3.27133e-05
2079 3.39727e-05
2080 3.5232e-05
2081 3.64914e-05
2082 3.77508e-05
2083 3.90102e-05
2084 4.02696e-05
2085 4.1529e-05
2086 4.27883e-05
2087 4.40477e-05
2088 4.53071e-05
2089 4.65665e-05
2090 4.78259e-05
2091 4.90853e-05
2092 5.03447e-05
2093 5.1604e-05
2094 5.28634e-05
2095 5.41228e-05
2096 5.53822e-05
2097 5.66416e-05
2098 5.7901e-05
2099 5.91604e-05
2100 6.04197e-05
2101 6.16791e-05
2102 7.18444e-05
2103 8.90385e-05
2104 0.000106233
2105 0.000123427
2106 0.000140621
2107 0.000157815
2108 0.000175009
2109 0.000192203
2110 0.000209397
2111 0.000226592
2112 0.000243786
2113 0.00026098
2114 0.000278174
2115 0.000295368
2116 0.000312562
2117 0.000329756
2118 0.000346951
2119 0.000364145
2120 0.000381339
2121 0.000398533
2122 0.000415727
2123 0.000432921
2124 0.000450115
2125 0.000467309
2126 0.000484504
2127 0.000501698
2128 0.000518892
2129 0.000536086
2130 0.00055328
2131 0.000570474
2132 0.000580032
2133 0.000559169
2134 0.000538306
2135 0.000517444
2136 0.000496581
2137 0.000475718
2138 0.000454856
2139 0.000433993
2140 0.00041313
2141 0.000392268
2142 0.000371405
2143 0.000350542
2144 0.00032968
2145 0.000308817
2146 0.000287954
2147 0.000267092
2148 0.000246229
2149 0.000225367
2150 0.000204504
2151 0.000183641
2152 0.000162779
2153 0.000141916
2154 0.000121053
2155 0.000107837
2156 0.000104674
2157 0.000101512
2158 9.83494e-05
2159 9.51869e-05
2160 9.20244e-05
2161 8.88618e-05
2162 8.56993e-05
2163 8.25368e-05
2164 7.93742e-05
2165 7.62117e-05
2166 7.30492e-05
2167 6.98866e-05
2168 6.67241e-05
2169 6.35616e-05
2170 6.03991e-05
2171 5.72365e-05
2172 5.4074e-05
2173 5.14331e-05
2174 5.06737e-05
2175 4.99144e-05
2176 4.9155e-05
2177 4.83956e-05
2178 4.76363e-05
2179 4.68769e-05
2180 4.61175e-05
2181 4.53582e-05
2182 4.45988e-05
2183 4.38394e-05
2184 4.30801e-05
2185 4.23207e-05
2186 4.15613e-05
2187 4.0802e-05
2188 4.00426e-05
2189 3.92833e-05
2190 3.85239e-05
2191 3.77645e-05
2192 3.70052e-05
2193 3.62458e-05
2194 3.54864e-05
2195 3.47271e-05
2196 3.39677e-05
2197 3.32083e-05
2198 3.2449e-05
2199 3.16896e-05
2200 3.09302e-05
2201 3.01709e-05
2202 2.96345e-05
2203 2.9467e-05
2204 2.92994e-05
2205 2.91319e-05
2206 2.89644e-05
2207 2.87969e-05
2208 2.86293e-05
2209 2.84618e-05
2210 2.82943e-05
2211 2.81268e-05
2212 2.79593e-05
2213 2.77917e-05
2214 2.76242e-05
2215 2.74567e-05
2216 2.72892e-05
2217 2.71216e-05
2218 2.69541e-05
2219 2.67866e-05
2220 2.66191e-05
2221 2.64515e-05
2222 2.6284e-05
2223 2.61165e-05
2224 2.5949e-05
2225 2.57815e-05
2226 2.56139e-05
2227 2.54464e-05
2228 2.52789e-05
2229 2.51114e-05
2230 2.49438e-05
2231 2.48662e-05
2232 2.48662e-05
2233 2.48662e-05
2234 2.48662e-05
2235 2.48662e-05
2236 2.48662e-05
2237 2.48662e-05
2238 2.48662e-05
2239 2.48662e-05
2240 2.48662e-05
2241 2.48662e-05
2242 2.48662e-05
2243 2.48662e-05
2244 2.48662e-05
2245 2.48662e-05
2246 2.48662e-05
2247 2.48662e-05
2248 2.48662e-05
2249 2.48834e-05
2250 2.49371e-05
2251 2.49907e-05
2252 2.50444e-05
2253 2.5098e-05
2254 2.51517e-05
2255 2.52053e-05
2256 2.52589e-05
2257 2.53126e-05
2258 2.53662e-05
2259 2.54199e-05
2260 2.54735e-05
2261 2.55272e-05
2262 2.55808e-05
2263 2.56345e-05
2264 2.56881e-05
2265 2.57417e-05
2266 2.57954e-05
2267 2.5849e-05
2268 2.59027e-05
2269 2.59563e-05
2270 2.601e-05
2271 2.60636e-05
2272 2.61173e-05
2273 2.61709e-05
2274 2.62245e-05
2275 2.62782e-05
2276 2.63318e-05
2277 2.63855e-05
2278 2.64391e-05
2279 2.64928e-05
2280 2.65464e-05
2281 2.66001e-05
2282 2.66537e-05
2283 2.67074e-05
2284 2.6761e-05
2285 2.68146e-05
2286 2.68683e-05
2287 2.69219e-05
2288 2.69756e-05
2289 2.70292e-05
2290 2.70829e-05
2291 2.71365e-05
2292 2.71902e-05
2293 2.72438e-05
2294 2.72974e-05
2295 2.73511e-05
2296 2.74047e-05
2297 2.74584e-05
2298 2.7512e-05
2299 2.75657e-05
2300 2.76193e-05
2301 2.7673e-05
2302 2.77381e-05
2303 2.78508e-05
2304 2.79634e-05
2305 2.80761e-05
2306 2.81888e-05
2307 2.83014e-05
2308 2.84141e-05
2309 2.85268e-05
2310 2.86394e-05
2311 2.87521e-05
2312 2.88648e-05
2313 2.89774e-05
2314 2.90901e-05
2315 2.92028e-05
2316 2.93155e-05
2317 2.94281e-05
2318 2.95408e-05
2319 2.96535e-05
2320 2.97661e-05
2321 2.98788e-05
2322 2.99915e-05
2323 3.01041e-05
2324 3.02168e-05
2325 3.03295e-05
2326 3.04422e-05
2327 3.05548e-05
2328 3.06675e-05
2329 3.07802e-05
2330 3.08928e-05
2331 3.10055e-05
2332 3.11182e-05
2333 3.12308e-05
2334 3.13435e-05
2335 3.14562e-05
2336 3.15688e-05
2337 3.16815e-05
2338 3.17942e-05
2339 3.20273e-05
2340 3.22974e-05
2341 3.25676e-05
2342 3.28377e-05
2343 3.31078e-05
2344 3.3378e-05
2345 3.36481e-05
2346 3.39182e-05
2347 3.41884e-05
2348 3.44585e-05
2349 3.47287e-05
2350 3.49988e-05
2351 3.52689e-05
2352 3.55391e-05
2353 3.58092e-05
2354 3.60793e-05
2355 3.63495e-05
2356 3.66196e-05
2357 3.68898e-05
2358 3.71599e-05
2359 3.743e-05
2360 3.77002e-05
2361 3.79703e-05
2362 3.82404e-05
2363 3.85106e-05
2364 3.87807e-05
2365 3.90509e-05
2366 3.9321e-05
2367 3.95911e-05
2368 3.98613e-05
2369 4.01314e-05
2370 4.04016e-05
2371 4.06717e-05
2372 4.09418e-05
2373 4.1212e-05
2374 4.14821e-05
2375 4.17522e-05
2376 4.20224e-05
2377 4.22925e-05
2378 4.25627e-05
2379 4.28328e-05
2380 4.31029e-05
2381 4.33731e-05
2382 4.36432e-05
2383 4.39133e-05
2384 4.41835e-05
2385 4.44536e-05
2386 4.47238e-05
2387 4.49939e-05
2388 4.5264e-05
2389 4.55342e-05
2390 4.58043e-05
2391 4.60744e-05
2392 4.63446e-05
2393 4.66147e-05
2394 4.68849e-05
2395 4.7155e-05
2396 4.74251e-05
2397 4.76953e-05
2398 4.79654e-05
2399 4.82355e-05
2400 4.85057e-05
2401 4.89874e-05
2402 4.96565e-05
2403 5.03256e-05
2404 5.09947e-05
2405 5.16638e-05
2406 5.23328e-05
2407 5.30019e-05
2408 5.3671e-05
2409 5.43401e-05
2410 5.50092e-05
2411 5.56783e-05
2412 5.63474e-05
2413 5.70165e-05
2414 5.76855e-05
2415 5.83546e-05
2416 5.90237e-05
2417 5.96928e-05
2418 6.03619e-05
2419 6.1031e-05
2420 6.17001e-05
2421 6.23692e-05
2422 6.30382e-05
2423 6.37073e-05
2424 6.43764e-05
2425 6.50455e-05
2426 6.57146e-05
2427 6.63837e-05
2428 6.70528e-05
2429 6.77219e-05
2430 6.8391e-05
2431 6.906e-05
2432 6.97291e-05
2433 7.03982e-05
2434 7.10673e-05
2435 7.17364e-05
2436 7.24055e-05
2437 7.30746e-05
2438 7.37436e-05
2439 7.44127e-05
2440 7.50818e-05
2441 7.57509e-05
2442 7.642e-05
2443 7.70891e-05
2444 7.77582e-05
2445 7.88325e-05
2446 8.02948e-05
2447 8.1757e-05
2448 8.32193e-05
2449 8.46816e-05
2450 8.61438e-05
2451 8.76061e-05
2452 8.90684e-05
2453 9.05306e-05
2454 9.19929e-05
2455 9.34551e-05
2456 9.49174e-05
2457 9.63797e-05
2458 9.78419e-05
2459 9.93042e-05
2460 0.000100766
2461 0.000102229
2462 0.000103691
2463 0.000105153
2464 0.000106616
2465 0.000108078
2466 0.00010954
2467 0.000111002
2468 0.000113808
2469 0.000117081
2470 0.000120354
2471 0.000123627
2472 0.000126899
2473 0.000130172
2474 0.000133445
2475 0.000136718
2476 0.00013999
2477 0.000143263
2478 0.000146536
2479 0.000149809
2480 0.000153081
2481 0.000156354
2482 0.000159627
2483 0.0001629
2484 0.000166172
2485 0.000169445
2486 0.000172718
2487 0.000175991
2488 0.000179263
2489 0.000182536
2490 0.000185809
2491 0.000189082
2492 0.000192355
2493 0.000195627
2494 0.0001989
2495 0.000202173
2496 0.000205446
2497 0.000208718
2498 0.000211991
2499 0.000215264
2500 0.000217514
2501 0.000219607
2502 0.000221699
2503 0.000223792
2504 0.000225884
2505 0.000227977
2506 0.000230069
2507 0.000232162
2508 0.000234255
2509 0.000236347
2510 0.00023844
2511 0.000240532
2512 0.000242625
2513 0.000244717
2514 0.00024681
2515 0.000248902
2516 0.000250995
2517 0.000253087
2518 0.00025518
2519 0.000257272
2520 0.000259365
2521 0.000261205
2522 0.000262888
2523 0.00026457
2524 0.000266253
2525 0.000267936
2526 0.000269618
2527 0.000271301
2528 0.000272983
2529 0.000274666
2530 0.000276349
2531 0.000278031
2532 0.000279714
2533 0.000281396
2534 0.000283079
2535 0.000284762
2536 0.000286444
2537 0.000288127
2538 0.000289809
2539 0.000291492
2540 0.000293175
2541 0.000294857
2542 0.00029654
2543 0.000298223
2544 0.000299905
2545 0.000301588
2546 0.00030327
2547 0.000304953
2548 0.000306636
2549 0.000308318
2550 0.000310001
2551 0.000311683
2552 0.000313366
2553 0.000320263
2554 0.000329
2555 0.000337736
2556 0.000346473
2557 0.000355209
2558 0.000363946
2559 0.000372682
2560 0.000381419
2561 0.000390155
2562 0.000398892
2563 0.000407628
2564 0.000416365
2565 0.000425102
2566 0.000433838
2567 0.000442575
2568 0.000451311
2569 0.000460048
2570 0.000468784
2571 0.000477521
2572 0.000486257
2573 0.000494994
2574 0.00050373
2575 0.000512467
2576 0.000521204
2577 0.00052994
2578 0.000538677
2579 0.000547413
2580 0.00055615
2581 0.000564886
2582 0.000573623
2583 0.000582359
2584 0.000591096
2585 0.000599832
2586 0.000608569
2587 0.000617306
2588 0.000626042
2589 0.000634779
2590 0.000643515
2591 0.000652252
2592 0.000660988
2593 0.000669725
2594 0.000678461
2595 0.000687198
2596 0.000695934
2597 0.000704671
2598 0.000713515
2599 0.000722786
2600 0.000732057
2601 0.000741328
2602 0.000750599
2603 0.00075987
2604 0.00076914
2605 0.000778411
2606 0.000787682
2607 0.000796953
2608 0.000806224
2609 0.000815495
2610 0.000824766
2611 0.000834036
2612 0.000843307
2613 0.000852578
2614 0.000861849
2615 0.00087112
2616 0.000880391
2617 0.000889662
2618 0.000898932
2619 0.000908203
2620 0.000917474
2621 0.000926745
2622 0.000936016
2623 0.000945287
2624 0.000954558
2625 0.000963828
2626 0.000973099
2627 0.00098237
2628 0.000991641
2629 0.00100091
2630 0.00101018
2631 0.00101945
2632 0.00102872
2633 0.00103372
2634 0.00102823
2635 0.00102274
2636 0.00101725
2637 0.00101177
2638 0.00100628
2639 0.00100079
2640 0.000995305
2641 0.000989818
2642 0.00098433
2643 0.000978843
2644 0.000973356
2645 0.000967868
2646 0.000962381
2647 0.000956894
2648 0.000951406
2649 0.000945919
2650 0.000940432
2651 0.000934944
2652 0.000929457
2653 0.000923969
2654 0.000918482
2655 0.000912995
2656 0.000907507
2657 0.00090202
2658 0.000896533
2659 0.000891045
2660 0.000885558
2661 0.000880071
2662 0.000874583
2663 0.000869096
2664 0.000863609
2665 0.000858121
2666 0.000852634
2667 0.000847147
2668 0.000841659
2669 0.000836172
2670 0.000830685
2671 0.000825197
2672 0.00081971
2673 0.000814223
2674 0.000808735
2675 0.000803248
2676 0.000797761
2677 0.000792273
2678 0.000786786
2679 0.000794505
2680 0.000806566
2681 0.000818627
2682 0.000830688
2683 0.000842748
2684 0.000854809
2685 0.00086687
2686 0.000878931
2687 0.000890992
2688 0.000903053
2689 0.000915113
2690 0.000927174
2691 0.000939235
2692 0.000951296
2693 0.000963357
2694 0.000975418
2695 0.000987479
2696 0.000999539
2697 0.00102582
2698 0.00106433
2699 0.00110285
2700 0.00114136
2701 0.00117987
2702 0.00121838
2703 0.0012569
2704 0.00129541
2705 0.00133392
2706 0.00137244
2707 0.00141095
2708 0.00144946
2709 0.00148797
2710 0.00152649
2711 0.001565
2712 0.00160351
2713 0.00164202
2714 0.00168054
2715 0.00171905
2716 0.00175756
2717 0.00179607
2718 0.00183459
2719 0.0018731
2720 0.00191161
2721 0.00195012
2722 0.00198864
2723 0.00202715
2724 0.00206566
2725 0.00210417
2726 0.00214269
2727 0.0021812
2728 0.00221971
2729 0.00225822
2730 0.00229674
2731 0.00233525
2732 0.00237376
2733 0.00241227
2734 0.00245079
2735 0.00244712
2736 0.00241414
2737 0.00238115
2738 0.00234816
2739 0.00231518
2740 0.00228219
2741 0.0022492
2742 0.00221621
2743 0.00218323
2744 0.00215024
2745 0.00211725
2746 0.00208426
2747 0.00205128
2748 0.00201829
2749 0.0019853
2750 0.00195232
2751 0.00191933
2752 0.00188634
2753 0.00185335
2754 0.00182037
2755 0.00178738
2756 0.00175439
2757 0.0017214
2758 0.00168842
2759 0.00165543
2760 0.00162244
2761 0.00158946
2762 0.00155647
2763 0.00152348
2764 0.00149049
2765 0.00145751
2766 0.00142452
2767 0.00139153
2768 0.00135854
2769 0.00132556
2770 0.00129257
2771 0.00125958
2772 0.00122659
2773 0.00119361
2774 0.00116062
2775 0.00112763
2776 0.00109465
2777 0.00106166
2778 0.00102867
2779 0.000995684
2780 0.000962697
2781 0.000929709
2782 0.000896722
2783 0.000863735
2784 0.000830747
2785 0.00079776
2786 0.000764773
2787 0.000731785
2788 0.000698798
2789 0.000665811
2790 0.000632824
2791 0.000599836
2792 0.000566849
2793 0.000533862
2794 0.000500874
2795 0.000467887
2796 0.0004349
2797 0.000412998
2798 0.000411195
2799 0.000409392
2800 0.000407589
2801 0.000405786
2802 0.000403982
2803 0.000402179
2804 0.000400376
2805 0.000398573
2806 0.00039677
2807 0.000394966
2808 0.000393163
2809 0.00039136
2810 0.000389557
2811 0.000387754
2812 0.000385951
2813 0.000384147
2814 0.000382344
2815 0.000380541
2816 0.000378738
2817 0.000376935
2818 0.000375131
2819 0.000373328
2820 0.000371525
2821 0.000369722
2822 0.000367919
2823 0.000366115
2824 0.000364312
2825 0.000362509
2826 0.000360706
2827 0.000358903
2828 0.000357099
2829 0.000355296
2830 0.000353493
2831 0.00035169
2832 0.000349887
2833 0.000348084
2834 0.00034628
2835 0.000344477
2836 0.000342674
2837 0.000340871
2838 0.000339068
2839 0.000337264
2840 0.000335461
2841 0.000333658
2842 0.000331855
2843 0.000330052
2844 0.000328248
2845 0.000326445
2846 0.000324642
2847 0.000322839
2848 0.000321036
2849 0.000319232
2850 0.000317429
2851 0.000315626
2852 0.000313823
2853 0.00031202
2854 0.000310217
2855 0.000308413
2856 0.00030661
2857 0.000304807
2858 0.000303004
2859 0.000301201
2860 0.000299397
2861 0.000297594
2862 0.000295791
2863 0.000293988
2864 0.000292185
2865 0.000290381
2866 0.000288578
2867 0.000286775
2868 0.000284972
2869 0.000283169
2870 0.000281366
2871 0.000279562
2872 0.000277759
2873 0.000275956
2874 0.000274153
2875 0.00027235
2876 0.000270546
2877 0.000268743
2878 0.00026694
2879 0.000265137
2880 0.000263334
2881 0.00026153
2882 0.000259727
2883 0.000257924
2884 0.000256121
2885 0.000254318
2886 0.000252514
2887 0.000250711
2888 0.000248908
2889 0.000247105
2890 0.000245302
2891 0.000243499
2892 0.000241695
2893 0.000239892
2894 0.000238089
2895 0.000236286
2896 0.000235536
2897 0.000235257
2898 0.000234978
2899 0.0002347
2900 0.000234421
2901 0.000234142
2902 0.000233863
2903 0.000233584
2904 0.000233305
2905 0.000233026
2906 0.000232747
2907 0.000232468
2908 0.000232189
2909 0.00023191
2910 0.000231631
2911 0.000231352
2912 0.000231074
2913 0.000230795
2914 0.000230516
2915 0.000230237
2916 0.000229958
2917 0.000229679
2918 0.0002294
2919 0.000229121
2920 0.000228842
2921 0.000228563
2922 0.000228284
2923 0.000228005
2924 0.000227727
2925 0.000227448
2926 0.000227169
2927 0.00022689
2928 0.000226611
2929 0.000226332
2930 0.000226053
2931 0.000225774
2932 0.000225495
2933 0.000225216
2934 0.000224937
2935 0.000224658
2936 0.00022438
2937 0.000224101
2938 0.000223822
2939 0.000223543
2940 0.000223264
2941 0.000222985
2942 0.000222706
2943 0.000222427
2944 0.000222214
2945 0.000222497
2946 0.00022278
2947 0.000223063
2948 0.000223346
2949 0.000223629
2950 0.000223912
2951 0.000224194
2952 0.000224477
2953 0.00022476
2954 0.000225043
2955 0.000225326
2956 0.000225609
2957 0.000225891
2958 0.000226174
2959 0.000226457
2960 0.00022674
2961 0.000227023
2962 0.000227306
2963 0.000227588
2964 0.000227871
2965 0.000228154
2966 0.000228437
2967 0.00022872
2968 0.000229003
2969 0.000229285
2970 0.000229568
2971 0.000229851
2972 0.000230134
2973 0.000230417
2974 0.0002307
2975 0.000230982
2976 0.000231265
2977 0.000231548
2978 0.000231831
2979 0.000232114
2980 0.000232397
2981 0.00023268
2982 0.000232962
2983 0.000233245
2984 0.000233528
2985 0.000233811
2986 0.000234094
2987 0.000234377
2988 0.000234659
2989 0.000234942
2990 0.000235225
2991 0.000235508
2992 0.000235791
2993 0.000236074
2994 0.000236356
2995 0.000236639
2996 0.000236922
2997 0.000237205
2998 0.000237488
2999 0.000237771
3000 0.000238053
3001 0.000239165
3002 0.000240315
3003 0.000241464
3004 0.000242614
3005 0.000243764
3006 0.000244914
3007 0.000246064
3008 0.000247214
3009 0.000248364
3010 0.000249514
3011 0.000250664
3012 0.000251814
3013 0.000252963
3014 0.000254113
3015 0.000255263
3016 0.000256413
3017 0.000257563
3018 0.000258713
3019 0.000259863
3020 0.000261013
3021 0.000262163
3022 0.000263312
3023 0.000264462
3024 0.000265612
3025 0.000266762
3026 0.000267912
3027 0.000269062
3028 0.000270212
3029 0.000271362
3030 0.000272512
3031 0.000273661
3032 0.000274811
3033 0.000275961
3034 0.000277111
3035 0.000278261
3036 0.000279411
3037 0.000280561
3038 0.000281711
3039 0.000282861
3040 0.000284011
3041 0.00028516
3042 0.00028631
3043 0.00028746
3044 0.00028861
3045 0.00028976
3046 0.00029091
3047 0.00029206
3048 0.00029321
3049 0.00029436
3050 0.000295509
3051 0.000296659
3052 0.000297809
3053 0.000298959
3054 0.000300109
3055 0.000301259
3056 0.000302409
3057 0.000303559
3058 0.000304709
3059 0.000305858
3060 0.000307008
3061 0.000308158
3062 0.000309308
3063 0.000310458
3064 0.000311608
3065 0.000312758
3066 0.000313908
3067 0.000315058
3068 0.000316208
3069 0.000317357
3070 0.000318507
3071 0.000319657
3072 0.000320807
3073 0.000321957
3074 0.000323107
3075 0.000324257
3076 0.000325407
3077 0.000326557
3078 0.000327706
3079 0.000328856
3080 0.000330006
3081 0.000331156
3082 0.000332306
3083 0.000333456
3084 0.000334606
3085 0.000335756
3086 0.000336906
3087 0.000338056
3088 0.000339205
3089 0.000340355
3090 0.000341505
3091 0.000342655
3092 0.000343805
3093 0.000344955
3094 0.000346105
3095 0.000347255
3096 0.000348405
3097 0.000349554
3098 0.000352653
3099 0.000356211
3100 0.000359769
3101 0.000363327
3102 0.000366886
3103 0.000370444
3104 0.000374002
3105 0.00037756
3106 0.000381118
3107 0.000384677
3108 0.000388235
3109 0.000391793
3110 0.000395351
3111 0.000398909
3112 0.000402468
3113 0.000406026
3114 0.000409584
3115 0.000413142
3116 0.000416701
3117 0.000420259
3118 0.000423817
3119 0.000427375
3120 0.000430933
3121 0.000434492
3122 0.00043805
3123 0.000441608
3124 0.000445166
3125 0.000448724
3126 0.000452283
3127 0.000455841
3128 0.000459399
3129 0.000462957
3130 0.000466515
3131 0.000470074
3132 0.000473632
3133 0.00047719
3134 0.000480748
3135 0.000484306
3136 0.000487865
3137 0.000491423
3138 0.000494981
3139 0.000498539
3140 0.000502097
3141 0.000505656
3142 0.000509214
3143 0.000512772
3144 0.00051633
3145 0.000519888
3146 0.000523447
3147 0.000527005
3148 0.000530563
3149 0.000534121
3150 0.00053768
3151 0.000541238
3152 0.000544796
3153 0.000548354
3154 0.000551912
3155 0.000555471
3156 0.000559029
3157 0.000562587
3158 0.000566145
3159 0.000569703
3160 0.000573262
3161 0.00057682
3162 0.000580378
3163 0.000583936
3164 0.000587494
3165 0.000591053
3166 0.000594611
3167 0.000598169
3168 0.000601727
3169 0.000605285
3170 0.000608844
3171 0.000612402
3172 0.00061596
3173 0.000619518
3174 0.000623076
3175 0.000626635
3176 0.000630193
3177 0.000633751
3178 0.000637309
3179 0.000640867
3180 0.000644426
3181 0.000647984
3182 0.000651542
3183 0.0006551
3184 0.000658658
3185 0.000662217
3186 0.000665775
3187 0.000669333
3188 0.000672891
3189 0.00067645
3190 0.000680008
3191 0.000683566
3192 0.000687124
3193 0.000690682
3194 0.000694241
3195 0.000697799
3196 0.000701357
3197 0.000704915
3198 0.000708473
3199 0.000712415
3200 0.000719494
3201 0.000726573
3202 0.000733652
3203 0.000740731
3204 0.00074781
3205 0.000754889
3206 0.000761967
3207 0.000769046
3208 0.000776125
3209 0.000783204
3210 0.000790283
3211 0.000797362
3212 0.000804441
3213 0.00081152
3214 0.000818599
3215 0.000825677
3216 0.000832756
3217 0.000839835
3218 0.000846914
3219 0.000853993
3220 0.000861072
3221 0.000868151
3222 0.00087523
3223 0.000882309
3224 0.000889387
3225 0.000896466
3226 0.000903545
3227 0.000910624
3228 0.000917703
3229 0.000924782
3230 0.000931861
3231 0.00093894
3232 0.000946019
3233 0.000953097
3234 0.000960176
3235 0.000967255
3236 0.000974334
3237 0.000981413
3238 0.000988492
3239 0.000995571
3240 0.00100265
3241 0.00100973
3242 0.00101681
3243 0.00102389
3244 0.00103097
3245 0.00103804
3246 0.00104512
3247 0.0010522
3248 0.00105928
3249 0.00106636
3250 0.00107344
3251 0.00108052
3252 0.0010876
3253 0.00109468
3254 0.00110175
3255 0.00110883
3256 0.00111591
3257 0.00112299
3258 0.00113007
3259 0.00113715
3260 0.00114423
3261 0.00115131
3262 0.00115839
3263 0.00116546
3264 0.00117254
3265 0.00117962
3266 0.0011867
3267 0.00119378
3268 0.00120086
3269 0.00120794
3270 0.00121502
3271 0.0012221
3272 0.00122917
3273 0.00123625
3274 0.00124333
3275 0.00125041
3276 0.00125749
3277 0.00126457
3278 0.00127165
3279 0.00127873
3280 0.00128581
3281 0.00129288
3282 0.00129996
3283 0.00130704
3284 0.00131412
3285 0.0013212
3286 0.00132828
3287 0.00133536
3288 0.00134244
3289 0.00134952
3290 0.00135659
3291 0.00136367
3292 0.00137075
3293 0.00137783
3294 0.00138491
3295 0.00139199
3296 0.00139907
3297 0.00140615
3298 0.00141323
3299 0.0014203
3300 0.00142738
3301 0.00143446
3302 0.00144154
3303 0.00144862
3304 0.0014557
3305 0.00146278
3306 0.00146986
3307 0.00147694
3308 0.00148401
3309 0.00149109
3310 0.00149817
3311 0.00150525
3312 0.00151233
3313 0.00151941
3314 0.00152649
3315 0.00153357
3316 0.00154065
3317 0.00154772
3318 0.0015548
3319 0.00156188
3320 0.00156896
3321 0.00157604
3322 0.00158312
3323 0.0015902
3324 0.00159728
3325 0.00160436
3326 0.00161143
3327 0.00161851
3328 0.00162559
3329 0.00163267
3330 0.00163975
3331 0.00164683
3332 0.00165391
3333 0.00166099
3334 0.00166807
3335 0.00167514
3336 0.00168222
3337 0.0016893
3338 0.00169638
3339 0.00170346
3340 0.00171054
3341 0.00171762
3342 0.0017247
3343 0.00173178
3344 0.00173885
3345 0.00174593
3346 0.00175301
3347 0.00176009
3348 0.00176717
3349 0.00177425
3350 0.00178133
3351 0.00178841
3352 0.00179549
3353 0.00180256
3354 0.00180964
3355 0.00181672
3356 0.0018238
3357 0.00183088
3358 0.00183796
3359 0.00184504
3360 0.00185212
3361 0.0018592
3362 0.00186627
3363 0.00187335
3364 0.00188043
3365 0.00188751
3366 0.00189459
3367 0.00190167
3368 0.00190875
3369 0.00191583
3370 0.00192291
3371 0.00192998
3372 0.00193706
3373 0.00194414
3374 0.00195122
3375 0.0019583
3376 0.00196538
3377 0.00197246
3378 0.00197954
3379 0.00198662
3380 0.00199369
3381 0.00200077
3382 0.00200785
3383 0.00201493
3384 0.00202201
3385 0.00202909
3386 0.00203617
3387 0.00204325
3388 0.00205033
3389 0.0020574
3390 0.00206448
3391 0.00207156
3392 0.00207864
3393 0.00208572
3394 0.0020928
3395 0.00209988
3396 0.00210696
3397 0.00211404
3398 0.00212111
3399 0.00212819
3400 0.00213527
3401 0.00214235
3402 0.00214943
3403 0.00215651
3404 0.00216359
3405 0.00217067
3406 0.00217775
3407 0.00218482
3408 0.0021919
3409 0.00219898
3410 0.00220606
3411 0.00221314
3412 0.00222022
3413 0.0022273
3414 0.00223438
3415 0.00224146
3416 0.00224853
3417 0.00225561
3418 0.00226269
3419 0.00226977
3420 0.00227685
3421 0.00228393
3422 0.00229101
3423 0.00229809
3424 0.00230517
3425 0.00231224
3426 0.00231932
3427 0.0023264
3428 0.00233348
3429 0.00234056
3430 0.00234764
3431 0.00235472
3432 0.0023618
3433 0.00236888
3434 0.00237595
3435 0.00238303
3436 0.00239011
3437 0.00239719
3438 0.00240427
3439 0.00241135
3440 0.00241843
3441 0.00242551
3442 0.00243258
3443 0.00243966
3444 0.00244674
3445 0.00245382
3446 0.0024609
3447 0.00246798
3448 0.00247506
3449 0.00248214
3450 0.00248922
3451 0.00249629
3452 0.00250337
3453 0.00251045
3454 0.00251753
3455 0.00252461
3456 0.00253169
3457 0.00253877
3458 0.00254585
3459 0.00255293
3460 0.00256
3461 0.00256708
3462 0.00257416
3463 0.00258124
3464 0.00258832
3465 0.0025954
3466 0.00260248
3467 0.00260956
3468 0.00261664
3469 0.00262371
3470 0.00263079
3471 0.00263787
3472 0.00264495
3473 0.00265203
3474 0.00265911
3475 0.00266619
3476 0.00267327
3477 0.00268035
3478 0.00268742
3479 0.0026945
3480 0.00270158
3481 0.00270866
3482 0.00271574
3483 0.00272282
3484 0.0027299
3485 0.00273698
3486 0.00274406
3487 0.00275113
3488 0.00275821
3489 0.00276529
3490 0.00277237
3491 0.00277945
3492 0.00278653
3493 0.00279361
3494 0.00280069
3495 0.00280777
3496 0.00281484
3497 0.00282192
3498 0.002829
3499 0.00283608
