129	129	129	129
1.0000   0.439658E-02       1.0000   0.139906E-01      1.0000   0.399122E-03      1.0000   0.115283E-01  
2.0000   0.431603E-02       2.0000   0.137290E-01      2.0000   0.436388E-03      2.0000   0.111932E-01  
3.0000   0.419062E-02       3.0000   0.132949E-01      3.0000   0.495754E-03      3.0000   0.106602E-01  
4.0000   0.403229E-02       4.0000   0.126981E-01      4.0000   0.573564E-03      4.0000   0.996678E-02  
5.0000   0.385549E-02       5.0000   0.119628E-01      5.0000   0.665478E-03      5.0000   0.916318E-02  
6.0000   0.367542E-02       6.0000   0.111308E-01      6.0000   0.766972E-03      6.0000   0.830939E-02  
7.0000   0.350647E-02       7.0000   0.102591E-01      7.0000   0.873683E-03      7.0000   0.747040E-02  
8.0000   0.336096E-02       8.0000   0.941254E-02      8.0000   0.981533E-03      8.0000   0.670994E-02  
9.0000   0.324834E-02       9.0000   0.865166E-02      9.0000   0.108664E-02      9.0000   0.608323E-02  
10.0000   0.317474E-02      10.0000   0.802224E-02     10.0000   0.118512E-02     10.0000   0.563000E-02 
11.0000   0.314285E-02      11.0000   0.754819E-02     11.0000   0.127288E-02     11.0000   0.536931E-02 
12.0000   0.315200E-02      12.0000   0.723123E-02     12.0000   0.134560E-02     12.0000   0.529756E-02 
13.0000   0.319834E-02      13.0000   0.705664E-02     13.0000   0.139890E-02     13.0000   0.539069E-02 
14.0000   0.327525E-02      14.0000   0.700246E-02     14.0000   0.142885E-02     14.0000   0.561042E-02 
15.0000   0.337389E-02      15.0000   0.704778E-02     15.0000   0.143258E-02     15.0000   0.591318E-02 
16.0000   0.348395E-02      16.0000   0.717649E-02     16.0000   0.140889E-02     16.0000   0.625934E-02 
17.0000   0.359461E-02      17.0000   0.737474E-02     17.0000   0.135883E-02     17.0000   0.662026E-02 
18.0000   0.369548E-02      18.0000   0.762325E-02     18.0000   0.128585E-02     18.0000   0.698054E-02 
19.0000   0.377759E-02      19.0000   0.788826E-02     19.0000   0.119563E-02     19.0000   0.733490E-02 
20.0000   0.383401E-02      20.0000   0.811603E-02     20.0000   0.109553E-02     20.0000   0.768039E-02 
21.0000   0.386033E-02      21.0000   0.823485E-02     21.0000   0.993723E-03     21.0000   0.800670E-02 
22.0000   0.385479E-02      22.0000   0.816611E-02     22.0000   0.898177E-03     22.0000   0.828827E-02 
23.0000   0.381829E-02      23.0000   0.784233E-02     23.0000   0.815704E-03     23.0000   0.848182E-02 
24.0000   0.375449E-02      24.0000   0.722731E-02     24.0000   0.751206E-03     24.0000   0.853125E-02 
25.0000   0.366997E-02      25.0000   0.633229E-02     25.0000   0.707265E-03     25.0000   0.837980E-02 
26.0000   0.357455E-02      26.0000   0.522278E-02     26.0000   0.684116E-03     26.0000   0.798649E-02 
27.0000   0.348173E-02      27.0000   0.401379E-02     27.0000   0.680005E-03     27.0000   0.734214E-02 
28.0000   0.340888E-02      28.0000   0.285477E-02     28.0000   0.691843E-03     28.0000   0.648011E-02 
29.0000   0.337698E-02      29.0000   0.190867E-02     29.0000   0.716046E-03     29.0000   0.547773E-02 
30.0000   0.340977E-02      30.0000   0.133155E-02     30.0000   0.749439E-03     30.0000   0.444767E-02 
31.0000   0.353228E-02      31.0000   0.125805E-02     31.0000   0.790099E-03     31.0000   0.352114E-02 
32.0000   0.376889E-02      32.0000   0.179593E-02     32.0000   0.838054E-03     32.0000   0.282773E-02 
33.0000   0.414143E-02      33.0000   0.302910E-02     33.0000   0.895772E-03     33.0000   0.247766E-02 
34.0000   0.466758E-02      34.0000   0.502575E-02     34.0000   0.968419E-03     34.0000   0.255122E-02 
35.0000   0.536010E-02      35.0000   0.784666E-02     35.0000   0.106388E-02     35.0000   0.309785E-02 
36.0000   0.622708E-02      36.0000   0.115491E-01     36.0000   0.119255E-02     36.0000   0.414367E-02 
37.0000   0.727302E-02      37.0000   0.161844E-01     37.0000   0.136693E-02     37.0000   0.570336E-02 
38.0000   0.850050E-02      38.0000   0.217904E-01     38.0000   0.160104E-02     38.0000   0.779094E-02 
39.0000   0.991192E-02      39.0000   0.283821E-01     39.0000   0.190972E-02     39.0000   0.104244E-01 
40.0000   0.115109E-01      40.0000   0.359452E-01     40.0000   0.230777E-02     40.0000   0.136215E-01 
41.0000   0.133030E-01      41.0000   0.444376E-01     41.0000   0.280915E-02     41.0000   0.173886E-01 
42.0000   0.152953E-01      42.0000   0.537982E-01     42.0000   0.342609E-02     42.0000   0.217056E-01 
43.0000   0.174957E-01      43.0000   0.639623E-01     43.0000   0.416839E-02     43.0000   0.265148E-01 
44.0000   0.199123E-01      44.0000   0.748786E-01     44.0000   0.504287E-02     44.0000   0.317178E-01 
45.0000   0.225523E-01      45.0000   0.865205E-01     45.0000   0.605306E-02     45.0000   0.371855E-01 
46.0000   0.254219E-01      46.0000   0.988890E-01     46.0000   0.719922E-02     46.0000   0.427786E-01 
47.0000   0.285275E-01      47.0000   0.112002E+00     47.0000   0.847859E-02     47.0000   0.483754E-01 
48.0000   0.318768E-01      48.0000   0.125876E+00     48.0000   0.988592E-02     48.0000   0.538981E-01 
49.0000   0.354804E-01      49.0000   0.140500E+00     49.0000   0.114142E-01     49.0000   0.593313E-01 
50.0000   0.393533E-01      50.0000   0.155816E+00     50.0000   0.130551E-01     50.0000   0.647254E-01 
51.0000   0.435149E-01      51.0000   0.171703E+00     51.0000   0.148004E-01     51.0000   0.701843E-01 
52.0000   0.479880E-01      52.0000   0.187988E+00     52.0000   0.166416E-01     52.0000   0.758391E-01 
53.0000   0.527970E-01      53.0000   0.204458E+00     53.0000   0.185711E-01     53.0000   0.818152E-01 
54.0000   0.579637E-01      54.0000   0.220895E+00     54.0000   0.205821E-01     54.0000   0.882008E-01 
55.0000   0.635043E-01      55.0000   0.237119E+00     55.0000   0.226691E-01     55.0000   0.950236E-01 
56.0000   0.694251E-01      56.0000   0.253015E+00     56.0000   0.248276E-01     56.0000   0.102244E+00 
57.0000   0.757209E-01      57.0000   0.268568E+00     57.0000   0.270544E-01     57.0000   0.109761E+00 
58.0000   0.823738E-01      58.0000   0.283869E+00     58.0000   0.293477E-01     58.0000   0.117438E+00 
59.0000   0.893550E-01      59.0000   0.299108E+00     59.0000   0.317073E-01     59.0000   0.125127E+00 
60.0000   0.966276E-01      60.0000   0.314546E+00     60.0000   0.341348E-01     60.0000   0.132705E+00 
61.0000   0.104152E+00      61.0000   0.330483E+00     61.0000   0.366335E-01     61.0000   0.140098E+00 
62.0000   0.111891E+00      62.0000   0.347210E+00     62.0000   0.392090E-01     62.0000   0.147301E+00 
63.0000   0.119815E+00      63.0000   0.364972E+00     63.0000   0.418688E-01     63.0000   0.154380E+00 
64.0000   0.127906E+00      64.0000   0.383938E+00     64.0000   0.446228E-01     64.0000   0.161469E+00 
65.0000   0.136161E+00      65.0000   0.404180E+00     65.0000   0.474827E-01     65.0000   0.168750E+00 
66.0000   0.144591E+00      66.0000   0.425672E+00     66.0000   0.504624E-01     66.0000   0.176432E+00 
67.0000   0.153218E+00      67.0000   0.448305E+00     67.0000   0.535771E-01     67.0000   0.184723E+00 
68.0000   0.162072E+00      68.0000   0.471909E+00     68.0000   0.568438E-01     68.0000   0.193802E+00 
69.0000   0.171185E+00      69.0000   0.496286E+00     69.0000   0.602801E-01     69.0000   0.203794E+00 
70.0000   0.180585E+00      70.0000   0.521237E+00     70.0000   0.639041E-01     70.0000   0.214758E+00 
71.0000   0.190290E+00      71.0000   0.546591E+00     71.0000   0.677333E-01     71.0000   0.226674E+00 
72.0000   0.200305E+00      72.0000   0.572222E+00     72.0000   0.717839E-01     72.0000   0.239452E+00 
73.0000   0.210616E+00      73.0000   0.598048E+00     73.0000   0.760699E-01     73.0000   0.252943E+00 
74.0000   0.221196E+00      74.0000   0.624031E+00     74.0000   0.806016E-01     74.0000   0.266963E+00 
75.0000   0.232002E+00      75.0000   0.650157E+00     75.0000   0.853854E-01     75.0000   0.281321E+00 
76.0000   0.242981E+00      76.0000   0.676415E+00     76.0000   0.904226E-01     76.0000   0.295842E+00 
77.0000   0.254077E+00      77.0000   0.702781E+00     77.0000   0.957087E-01     77.0000   0.310392E+00 
78.0000   0.265237E+00      78.0000   0.729198E+00     78.0000   0.101234E+00     78.0000   0.324889E+00 
79.0000   0.276413E+00      79.0000   0.755577E+00     79.0000   0.106981E+00     79.0000   0.339303E+00 
80.0000   0.287573E+00      80.0000   0.781796E+00     80.0000   0.112929E+00     80.0000   0.353644E+00 
81.0000   0.298697E+00      81.0000   0.807716E+00     81.0000   0.119051E+00     81.0000   0.367947E+00 
82.0000   0.309780E+00      82.0000   0.833205E+00     82.0000   0.125317E+00     82.0000   0.382249E+00 
83.0000   0.320831E+00      83.0000   0.858162E+00     83.0000   0.131694E+00     83.0000   0.396575E+00 
84.0000   0.331869E+00      84.0000   0.882535E+00     84.0000   0.138147E+00     84.0000   0.410916E+00 
85.0000   0.342918E+00      85.0000   0.906343E+00     85.0000   0.144643E+00     85.0000   0.425237E+00 
86.0000   0.353999E+00      86.0000   0.929677E+00     86.0000   0.151155E+00     86.0000   0.439470E+00 
87.0000   0.365129E+00      87.0000   0.952693E+00     87.0000   0.157659E+00     87.0000   0.453537E+00 
88.0000   0.376318E+00      88.0000   0.975593E+00     88.0000   0.164140E+00     88.0000   0.467362E+00 
89.0000   0.387561E+00      89.0000   0.998598E+00     89.0000   0.170592E+00     89.0000   0.480891E+00 
90.0000   0.398844E+00      90.0000   0.102191E+01     90.0000   0.177020E+00     90.0000   0.494108E+00 
91.0000   0.410144E+00      91.0000   0.104570E+01     91.0000   0.183439E+00     91.0000   0.507049E+00 
92.0000   0.421428E+00      92.0000   0.107002E+01     92.0000   0.189873E+00     92.0000   0.519803E+00 
93.0000   0.432664E+00      93.0000   0.109486E+01     93.0000   0.196354E+00     93.0000   0.532512E+00 
94.0000   0.443819E+00      94.0000   0.112010E+01     94.0000   0.202919E+00     94.0000   0.545355E+00 
95.0000   0.454866E+00      95.0000   0.114549E+01     95.0000   0.209603E+00     95.0000   0.558531E+00 
96.0000   0.465784E+00      96.0000   0.117074E+01     96.0000   0.216441E+00     96.0000   0.572238E+00 
97.0000   0.476562E+00      97.0000   0.119549E+01     97.0000   0.223461E+00     97.0000   0.586641E+00 
98.0000   0.487195E+00      98.0000   0.121937E+01     98.0000   0.230680E+00     98.0000   0.601849E+00 
99.0000   0.497688E+00      99.0000   0.124205E+01     99.0000   0.238104E+00     99.0000   0.617896E+00 
100.0000   0.508045E+00     100.0000   0.126326E+01    100.0000   0.245728E+00    100.0000   0.634727E+00  
101.0000   0.518271E+00     101.0000   0.128280E+01    101.0000   0.253532E+00    101.0000   0.652200E+00
102.0000   0.528367E+00     102.0000   0.130061E+01    102.0000   0.261483E+00    102.0000   0.670096E+00
103.0000   0.538327E+00     103.0000   0.131671E+01    103.0000   0.269541E+00    103.0000   0.688141E+00
104.0000   0.548137E+00     104.0000   0.133123E+01    104.0000   0.277658E+00    104.0000   0.706039E+00
105.0000   0.557774E+00     105.0000   0.134437E+01    105.0000   0.285783E+00    105.0000   0.723499E+00
106.0000   0.567206E+00     106.0000   0.135639E+01    106.0000   0.293866E+00    106.0000   0.740272E+00
107.0000   0.576400E+00     107.0000   0.136759E+01    107.0000   0.301859E+00    107.0000   0.756172E+00
108.0000   0.585321E+00     108.0000   0.137825E+01    108.0000   0.309723E+00    108.0000   0.771096E+00
109.0000   0.593938E+00     109.0000   0.138862E+01    109.0000   0.317428E+00    109.0000   0.785021E+00
110.0000   0.602231E+00     110.0000   0.139893E+01    110.0000   0.324950E+00    110.0000   0.798007E+00
111.0000   0.610192E+00     111.0000   0.140932E+01    111.0000   0.332279E+00    111.0000   0.810175E+00
112.0000   0.617828E+00     112.0000   0.141991E+01    112.0000   0.339412E+00    112.0000   0.821690E+00
113.0000   0.625160E+00     113.0000   0.143074E+01    113.0000   0.346354E+00    113.0000   0.832736E+00
114.0000   0.632225E+00     114.0000   0.144183E+01    114.0000   0.353115E+00    114.0000   0.843493E+00
115.0000   0.639069E+00     115.0000   0.145316E+01    115.0000   0.359711E+00    115.0000   0.854113E+00
116.0000   0.645745E+00     116.0000   0.146469E+01    116.0000   0.366159E+00    116.0000   0.864706E+00
117.0000   0.652304E+00     117.0000   0.147637E+01    117.0000   0.372477E+00    117.0000   0.875327E+00
118.0000   0.658791E+00     118.0000   0.148813E+01    118.0000   0.378685E+00    118.0000   0.885973E+00
119.0000   0.665243E+00     119.0000   0.149991E+01    119.0000   0.384802E+00    119.0000   0.896587E+00
120.0000   0.671678E+00     120.0000   0.151163E+01    120.0000   0.390847E+00    120.0000   0.907070E+00
121.0000   0.678097E+00     121.0000   0.152321E+01    121.0000   0.396840E+00    121.0000   0.917295E+00
122.0000   0.684485E+00     122.0000   0.153454E+01    122.0000   0.402801E+00    122.0000   0.927130E+00
123.0000   0.690808E+00     123.0000   0.154551E+01    123.0000   0.408749E+00    123.0000   0.936452E+00
124.0000   0.697020E+00     124.0000   0.155598E+01    124.0000   0.414704E+00    124.0000   0.945171E+00
125.0000   0.703068E+00     125.0000   0.156579E+01    125.0000   0.420685E+00    125.0000   0.953232E+00
126.0000   0.708898E+00     126.0000   0.157482E+01    126.0000   0.426707E+00    126.0000   0.960631E+00
127.0000   0.714459E+00     127.0000   0.158293E+01    127.0000   0.432781E+00    127.0000   0.967406E+00
128.0000   0.719713E+00     128.0000   0.159002E+01    128.0000   0.438912E+00    128.0000   0.973633E+00
129.0000   0.724636E+00     129.0000   0.159602E+01    129.0000   0.445098E+00    129.0000   0.979420E+00
