179		       		179				179	
1.000        485.4        1.000        49.17        1.000        194.5  
2.000        480.4        2.000        49.4         2.000        197.2  
3.000        472.2        3.000        49.8         3.000        201.7  
4.000        460.9        4.000        50.36        4.000        207.7  
5.000        446.9        5.000        51.07        5.000        215.2  
6.000        430.2        6.000        51.93        6.000        223.8  
7.000        411.3        7.000        52.94        7.000        233.4  
8.000        390.5        8.000        54.1         8.000        243.7  
9.00         368.2         9.00        55.38        9.00         254.3  
10.00        344.6        10.00        56.79        10.00        265   
11.00        320.3        11.00        58.32        11.00        275.5 
12.00        295.6        12.00        59.93        12.00        285.6 
13.00        270.8        13.00        61.63        13.00        294.9 
14.00        246.3        14.00        63.38        14.00        303.3 
15.00        222.4        15.00        65.17        15.00        310.6 
16.00        199.4        16.00        66.98        16.00        316.5 
17.00        177.5        17.00        68.77        17.00        321.1 
18.00        156.9        18.00        70.53        18.00        324.1 
19.00        137.8        19.00        72.23        19.00        325.7 
20.00        120.2        20.00        73.84        20.00        325.7 
21.00        104.4        21.00        75.34        21.00        324.2 
22.00        90.18        22.00        76.72        22.00        321.3 
23.00        77.72        23.00        77.94        23.00        316.9 
24.00        66.95        24.00        79           24.00        311.4 
25.00        57.83        25.00        79.88        25.00        304.6 
26.00        50.27        26.00        80.55        26.00        296.9 
27.00        44.19        27.00        81.03        27.00        288.2 
28.00        39.49        28.00        81.29        28.00        278.8 
29.00        36.05        29.00        81.34        29.00        268.8 
30.00        33.74        30.00        81.17        30.00        258.4 
31.00        32.44        31.00        80.78        31.00        247.6 
32.00        32.01        32.00        80.18        32.00        236.7 
33.00        32.34        33.00        79.37        33.00        225.7 
34.00        33.29        34.00        78.36        34.00        214.7 
35.00        34.74        35.00        77.15        35.00        203.9 
36.00        36.57        36.00        75.77        36.00        193.4 
37.00        38.69        37.00        74.21        37.00        183.2 
38.00        40.99        38.00        72.5         38.00        173.5 
39.00        43.38        39.00        70.65        39.00        164.3 
40.00        45.79        40.00        68.67        40.00        155.5 
41.00        48.13        41.00        66.57        41.00        147.4 
42.00        50.36        42.00        64.38        42.00        139.9 
43.00        52.41        43.00        62.1         43.00        133   
44.00        54.25        44.00        59.76        44.00        126.7 
45.00        55.85        45.00        57.37        45.00        121.1 
46.00        57.17        46.00        54.95        46.00        116.1 
47.00        58.21        47.00        52.51        47.00        111.7 
48.00        58.94        48.00        50.07        48.00        107.9 
49.00        59.38        49.00        47.64        49.00        104.6 
50.00        59.52	      50.00        45.24        50.00        101.9 
51.00        59.37        51.00        42.87        51.00        99.66 
52.00        58.94        52.00        40.56        52.00        97.85 
53.00        58.25        53.00        38.32        53.00        96.44 
54.00        57.32        54.00        36.15        54.00        95.38 
55.00        56.16        55.00        34.06        55.00        94.62 
56.00        54.8         56.00        32.07        56.00        94.12 
57.00       53.26         57.00       30.17         57.00       93.83 
58.00       51.57         58.00       28.38         58.00       93.7  
59.00       49.75         59.00       26.71         59.00       93.71 
60.00       47.82         60.00       25.14         60.00       93.8  
61.00       45.81         61.00       23.69	        61.00       93.94  
62.00       43.73         62.00       22.36         62.00       94.1   
63.00       41.62         63.00       21.14         63.00       94.24  
64.00       39.48         64.00       20.04         64.00       94.33  
65.00       37.34         65.00       19.06         65.00       94.36  
66.00       35.22         66.00       18.18         66.00       94.3   
67.00       33.12         67.00       17.41         67.00       94.13  
68.00       31.06         68.00       16.74         68.00       93.84  
69.00       29.06         69.00       16.17         69.00       93.42  
70.00       27.12         70.00       15.7          70.00       92.86  
71.00       25.25         71.00       15.3          71.00       92.14  
72.00       23.46         72.00       14.99         72.00       91.28  
73.00       21.75         73.00       14.74         73.00       90.27  
74.00       20.13         74.00       14.56         74.00       89.11  
75.00       18.6          75.00       14.44         75.00       87.8   
76.00       17.17         76.00       14.37         76.00       86.35  
77.00       15.83         77.00       14.34         77.00       84.77  
78.00       14.59         78.00       14.34         78.00       83.06  
79.00       13.43         79.00       14.38         79.00       81.24  
80.00       12.37         80.00       14.44         80.00       79.31  
81.00       11.4          81.00       14.51         81.00       77.28  
82.00       10.52         82.00       14.59         82.00       75.17  
83.00       9.718         83.00       14.68         83.00       72.99  
84.00       8.998         84.00       14.77         84.00       70.75  
85.00       8.354         85.00       14.86         85.00       68.46  
86.00       7.781         86.00       14.94         86.00       66.13  
87.00       7.277         87.00       15            87.00       63.77  
88.00       6.836         88.00       15.06         88.00       61.41  
89.00       6.454         89.00       15.09         89.00       59.04  
90.00       6.127         90.00       15.11         90.00       56.67  
91.00       5.85          91.00       15.1          91.00       54.32  
92.00       5.62          92.00       15.07         92.00       52     
93.00       5.432         93.00       15.03         93.00       49.71  
94.00       5.282         94.00       14.95         94.00       47.47  
95.00       5.167         95.00       14.86         95.00       45.27  
96.00       5.082         96.00       14.74         96.00       43.13  
97.00       5.025         97.00       14.61         97.00       41.05  
98.00       4.992         98.00       14.45         98.00       39.03  
99.0        4.981         99.00       14.27         99.00       37.09  
100.0       4.988	     100.0       14.07          100.0       35.23 
101.0       5.011        101.0       13.85          101.0       33.44 
102.0       5.048        102.0       13.62          102.0       31.74 
103.0       5.095        103.0       13.38          103.0       30.12 
104.0       5.153        104.0       13.12          104.0       28.58 
105.0       5.217        105.0       12.85          105.0       27.14 
106.0       5.288        106.0       12.57          106.0       25.78 
107.0      5.363         107.0       12.28          107.0       24.51 
108.0      5.441         108.0       11.99          108.0       23.34 
109.0      5.521         109.0       11.69          109.0       22.25 
110.0      5.602         110.0       11.39          110.0       21.25 
111.0      5.683         111.0       11.09          111.0       20.34 
112.0      5.763         112.0       10.78          112.0       19.51 
113.0      5.842         113.0       10.48          113.0       18.78 
114.0      5.918         114.0       10.18          114.0       18.13 
115.0      5.992         115.0       9.885          115.0       17.56 
116.0      6.063         116.0       9.594          116.0       17.07 
117.0      6.131         117.0       9.309          117.0       16.66 
118.0      6.195         118.0       9.03           118.0       16.33 
119.0      6.255         119.0       8.759          119.0       16.07 
120.0      6.312         120.0       8.496          120.0       15.89 
121.0      6.364         121.0       8.243          121.0        15.77  
122.0      6.411         122.0       7.999          122.0       15.73  
123.0      6.455         123.0       7.765          123.0       15.74  
124.0      6.494         124.0       7.542          124.0       15.82  
125.0      6.529         125.0       7.33           125.0       15.96  
126.0      6.56          126.0       7.129          126.0       16.15  
127.0      6.586         127.0       6.94           127.0       16.39  
128.0      6.609         128.0       6.762          128.0       16.69  
129.0      6.627         129.0       6.597          129.0       17.03  
130.0      6.641         130.0       6.443          130.0       17.41  
131.0      6.652         131.0       6.301          131.0       17.83  
132.0      6.659         132.0       6.171          132.0       18.29  
133.0      6.662         133.0       6.053          133.0       18.79  
134.0      6.662         134.0       5.946          134.0       19.31  
135.0      6.658         135.0       5.851          135.0       19.86  
136.0      6.652         136.0       5.767          136.0       20.44  
137.0      6.642         137.0       5.693          137.0       21.04  
138.0      6.63          138.0       5.63           138.0       21.66  
139.0      6.615         139.0       5.577          139.0       22.29  
140.0      6.597         140.0       5.534          140.0       22.94  
141.0      6.577         141.0       5.5            141.0       23.6   
142.0      6.555         142.0       5.475          142.0       24.27  
143.0      6.531         143.0       5.459          143.0       24.94  
144.0      6.505         144.0       5.451          144.0       25.61  
145.0      6.478         145.0       5.45           145.0       26.29  
146.0      6.449         146.0       5.457          146.0       26.96  
147.0      6.419         147.0       5.47           147.0       27.63  
148.0      6.388         148.0       5.489          148.0       28.29  
149.0      6.355         149.0       5.514          149.0       28.95  
150.0      6.322         150.0       5.544          150.0       29.59  
151.0      6.288         151.0       5.579          151.0       30.23  
152.0      6.254         152.0       5.617          152.0       30.85  
153.0      6.22          153.0       5.66           153.0       31.46  
154.0      6.185         154.0       5.705          154.0       32.05  
155.0      6.15          155.0       5.753          155.0       32.63  
156.0      6.116         156.0       5.804          156.0       33.18  
157.0      6.082         157.0       5.856          157.0       33.72  
158.0      6.048         158.0       5.909          158.0       34.24  
159.0      6.015         159.0       5.963          159.0       34.74  
160.0      5.982         160.0       6.018          160.0       35.22  
161.0      5.95          161.0       6.073          161.0       35.67  
162.0      5.919         162.0       6.127          162.0       36.11  
163.0      5.889         163.0       6.181          163.0       36.52  
164.0      5.86          164.0       6.233          164.0       36.91  
165.0      5.833         165.0       6.284          165.0       37.27  
166.0      5.807         166.0       6.333          166.0       37.62  
167.0      5.782         167.0       6.381          167.0       37.94  
168.0      5.758         168.0       6.425          168.0       38.23  
169.0      5.737         169.0       6.468          169.0       38.5   
170.0      5.717         170.0       6.507          170.0       38.75  
171.0      5.698         171.0       6.543          171.0       38.97  
172.0      5.682         172.0       6.576          172.0       39.17  
173.0      5.667         173.0       6.606          173.0       39.35  
174.0      5.654         174.0       6.632          174.0       39.5   
175.0      5.643         175.0       6.654          175.0       39.63  
176.0      5.634         176.0       6.672          176.0       39.74  
177.0      5.627         177.0       6.687          177.0       39.82  
178.0      5.622         178.0       6.697          178.0       39.88  
179.0      5.619         179.0       6.703          179.0       39.91  


                                                    
                                                    
                                                    
                                                    
                                     
                                     
                                     
                                     
                                     
                                     
                                     
                                     
                                     
                                     
                                     
                                     
                                     
                                     
                                     
                                     
                                     
                                     
                                     
                                     
                                     
                                     
                                     
                                     
